Epoch,Training Accuracy,Training Loss,Validation Accuracy,Validation Loss
1,0.331,2.516,0.334,2.515
2,0.375,2.299,0.372,2.314
3,0.393,2.206,0.39,2.221
4,0.407,2.143,0.401,2.167
5,0.419,2.091,0.412,2.116
6,0.429,2.04,0.42,2.076
7,0.437,2.006,0.428,2.046
8,0.445,1.98,0.431,2.036
9,0.452,1.947,0.438,2.005
10,0.456,1.928,0.441,1.99
11,0.463,1.901,0.446,1.974
12,0.467,1.884,0.45,1.964
13,0.469,1.879,0.447,1.965
14,0.477,1.848,0.452,1.941
15,0.478,1.837,0.456,1.936
16,0.486,1.811,0.456,1.928
17,0.488,1.801,0.459,1.918
18,0.493,1.785,0.46,1.912
19,0.498,1.765,0.461,1.916
20,0.5,1.752,0.463,1.908
21,0.503,1.746,0.463,1.901
22,0.505,1.735,0.462,1.904
23,0.508,1.726,0.463,1.904
