Epoch,Training Accuracy,Training Loss,Validation Accuracy,Validation Loss
1,0.287,2.684,0.289,2.675
2,0.319,2.496,0.318,2.507
3,0.333,2.438,0.332,2.443
4,0.352,2.35,0.351,2.363
5,0.358,2.328,0.36,2.335
6,0.367,2.291,0.361,2.311
7,0.366,2.298,0.363,2.309
8,0.378,2.242,0.376,2.254
9,0.38,2.231,0.378,2.244
10,0.386,2.199,0.38,2.223
11,0.391,2.19,0.383,2.215
12,0.389,2.182,0.385,2.198
13,0.397,2.167,0.39,2.195
14,0.392,2.163,0.385,2.187
15,0.402,2.149,0.394,2.179
16,0.401,2.144,0.391,2.17
17,0.407,2.124,0.401,2.146
18,0.404,2.125,0.395,2.163
19,0.412,2.1,0.405,2.131
20,0.415,2.09,0.408,2.124
21,0.418,2.072,0.409,2.106
22,0.418,2.072,0.41,2.109
23,0.417,2.074,0.408,2.107
24,0.418,2.068,0.408,2.108
25,0.419,2.068,0.411,2.101
26,0.423,2.059,0.416,2.097
27,0.421,2.058,0.411,2.102
28,0.425,2.042,0.414,2.084
29,0.422,2.058,0.41,2.104
30,0.424,2.048,0.414,2.088
31,0.427,2.037,0.417,2.077
32,0.429,2.03,0.42,2.073
33,0.43,2.023,0.419,2.063
34,0.431,2.024,0.423,2.063
35,0.429,2.027,0.42,2.066
36,0.427,2.029,0.418,2.076
37,0.431,2.008,0.422,2.052
38,0.437,1.995,0.426,2.039
39,0.432,2.006,0.422,2.048
40,0.428,2.029,0.418,2.069
41,0.438,1.99,0.426,2.04
42,0.438,1.989,0.427,2.038
43,0.437,1.988,0.427,2.038
44,0.435,1.998,0.423,2.049
