INFO:root:Epoch,Training Accuracy,Training Loss,Validation Accuracy,Validation Loss
INFO:root:1,0.341,2.493,0.345,2.478
INFO:root:2,0.376,2.256,0.379,2.244
INFO:root:3,0.383,2.191,0.387,2.174
INFO:root:4,0.39,2.146,0.395,2.132
INFO:root:5,0.399,2.12,0.403,2.114
INFO:root:6,0.397,2.108,0.399,2.098
INFO:root:7,0.407,2.083,0.41,2.08
INFO:root:8,0.407,2.075,0.411,2.068
INFO:root:9,0.409,2.062,0.414,2.056
INFO:root:10,0.414,2.048,0.416,2.041
INFO:root:11,0.418,2.04,0.419,2.039
INFO:root:12,0.421,2.027,0.422,2.025
INFO:root:13,0.421,2.018,0.422,2.016
INFO:root:14,0.422,2.011,0.423,2.013
INFO:root:15,0.427,2.003,0.427,2.0
INFO:root:16,0.428,1.989,0.428,1.99
INFO:root:17,0.432,1.979,0.431,1.979
INFO:root:18,0.435,1.967,0.434,1.97
INFO:root:19,0.436,1.964,0.436,1.966
INFO:root:20,0.437,1.957,0.436,1.96
INFO:root:21,0.437,1.951,0.436,1.957
INFO:root:22,0.441,1.939,0.439,1.943
INFO:root:23,0.445,1.924,0.444,1.929
INFO:root:24,0.446,1.92,0.448,1.92
INFO:root:25,0.448,1.91,0.447,1.912
INFO:root:26,0.449,1.902,0.45,1.904
INFO:root:27,0.451,1.896,0.452,1.899
INFO:root:28,0.453,1.885,0.45,1.893
INFO:root:29,0.455,1.886,0.453,1.894
INFO:root:30,0.458,1.866,0.457,1.873
INFO:root:31,0.458,1.864,0.459,1.868
INFO:root:32,0.46,1.857,0.457,1.86
INFO:root:33,0.46,1.854,0.457,1.862
INFO:root:34,0.464,1.843,0.461,1.849
INFO:root:35,0.464,1.841,0.462,1.848
INFO:root:36,0.465,1.833,0.463,1.843
INFO:root:37,0.468,1.826,0.466,1.835
INFO:root:38,0.468,1.821,0.466,1.831
INFO:root:39,0.468,1.819,0.468,1.823
INFO:root:40,0.471,1.809,0.471,1.816
INFO:root:41,0.473,1.804,0.472,1.813
INFO:root:42,0.472,1.804,0.468,1.817
INFO:root:43,0.471,1.802,0.468,1.813
INFO:root:44,0.474,1.792,0.474,1.8
INFO:root:45,0.477,1.787,0.474,1.798
INFO:root:46,0.476,1.784,0.474,1.796
INFO:root:47,0.478,1.779,0.475,1.79
INFO:root:48,0.477,1.779,0.475,1.794
INFO:root:49,0.48,1.771,0.477,1.784
INFO:root:50,0.476,1.774,0.474,1.786
INFO:root:51,0.482,1.763,0.478,1.778
INFO:root:52,0.482,1.76,0.48,1.774
INFO:root:53,0.482,1.759,0.479,1.771
INFO:root:54,0.482,1.756,0.48,1.772
INFO:root:55,0.483,1.752,0.481,1.767
INFO:root:56,0.485,1.746,0.48,1.766
INFO:root:57,0.485,1.745,0.482,1.762
INFO:root:58,0.479,1.767,0.476,1.784
INFO:root:59,0.488,1.734,0.486,1.751
INFO:root:60,0.487,1.734,0.484,1.752
INFO:root:61,0.486,1.734,0.482,1.752
INFO:root:62,0.489,1.729,0.486,1.749
INFO:root:63,0.489,1.726,0.486,1.744
INFO:root:64,0.489,1.723,0.487,1.739
INFO:root:65,0.489,1.724,0.486,1.745
INFO:root:66,0.489,1.72,0.486,1.739
INFO:root:67,0.491,1.719,0.486,1.738
INFO:root:68,0.491,1.715,0.489,1.732
INFO:root:69,0.492,1.712,0.488,1.732
INFO:root:70,0.493,1.709,0.489,1.727
INFO:root:71,0.493,1.71,0.488,1.734
INFO:root:72,0.493,1.708,0.489,1.731
INFO:root:73,0.492,1.707,0.488,1.73
INFO:root:74,0.494,1.703,0.49,1.723
INFO:root:75,0.493,1.709,0.49,1.727
INFO:root:76,0.495,1.698,0.491,1.723
INFO:root:77,0.495,1.697,0.489,1.722
INFO:root:78,0.496,1.696,0.491,1.721
INFO:root:79,0.497,1.691,0.49,1.716
INFO:root:80,0.495,1.694,0.49,1.717
INFO:root:81,0.497,1.693,0.492,1.716
INFO:root:82,0.497,1.69,0.492,1.714
INFO:root:83,0.497,1.687,0.492,1.71
INFO:root:84,0.499,1.682,0.492,1.708
INFO:root:85,0.497,1.686,0.492,1.712
INFO:root:86,0.498,1.682,0.491,1.709
INFO:root:87,0.495,1.689,0.488,1.717
INFO:root:88,0.5,1.677,0.493,1.705
INFO:root:89,0.5,1.677,0.492,1.706
INFO:root:90,0.5,1.677,0.494,1.705
INFO:root:91,0.501,1.672,0.497,1.698
INFO:root:92,0.5,1.673,0.495,1.698
INFO:root:93,0.501,1.671,0.495,1.699
INFO:root:94,0.5,1.672,0.492,1.702
INFO:root:95,0.5,1.671,0.494,1.702
INFO:root:96,0.501,1.668,0.496,1.694
INFO:root:97,0.502,1.666,0.493,1.698
INFO:root:98,0.501,1.666,0.493,1.697
INFO:root:99,0.497,1.682,0.491,1.713
INFO:root:100,0.501,1.667,0.493,1.696
INFO:root:101,0.502,1.664,0.493,1.699
INFO:root:102,0.504,1.658,0.497,1.687
INFO:root:103,0.505,1.656,0.499,1.685
INFO:root:104,0.501,1.661,0.496,1.692
INFO:root:105,0.503,1.659,0.496,1.692
INFO:root:106,0.505,1.653,0.498,1.683
INFO:root:107,0.504,1.655,0.494,1.689
INFO:root:108,0.506,1.65,0.5,1.68
INFO:root:109,0.503,1.656,0.495,1.689
INFO:root:110,0.506,1.65,0.5,1.682
INFO:root:111,0.505,1.654,0.496,1.691
INFO:root:112,0.506,1.647,0.499,1.679
INFO:root:113,0.505,1.651,0.497,1.683
INFO:root:114,0.507,1.648,0.5,1.677
INFO:root:115,0.507,1.646,0.497,1.676
INFO:root:116,0.506,1.65,0.495,1.69
INFO:root:117,0.505,1.653,0.497,1.683
INFO:root:118,0.507,1.646,0.498,1.681
INFO:root:119,0.507,1.643,0.5,1.672
INFO:root:120,0.507,1.644,0.5,1.675
INFO:root:121,0.506,1.644,0.5,1.674
INFO:root:122,0.508,1.64,0.5,1.674
INFO:root:123,0.505,1.647,0.497,1.676
INFO:root:124,0.509,1.64,0.499,1.672
INFO:root:125,0.508,1.637,0.498,1.673
INFO:root:126,0.508,1.637,0.5,1.671
INFO:root:127,0.508,1.635,0.499,1.672
INFO:root:128,0.508,1.637,0.5,1.67
INFO:root:129,0.51,1.632,0.502,1.668
INFO:root:130,0.508,1.636,0.499,1.671
INFO:root:131,0.509,1.633,0.499,1.671
INFO:root:132,0.509,1.634,0.502,1.666
INFO:root:133,0.509,1.634,0.498,1.671
INFO:root:134,0.509,1.631,0.501,1.665
INFO:root:135,0.51,1.63,0.5,1.667
INFO:root:136,0.511,1.628,0.5,1.663
INFO:root:137,0.51,1.629,0.5,1.668
INFO:root:138,0.51,1.628,0.501,1.664
INFO:root:139,0.511,1.627,0.501,1.661
INFO:root:140,0.509,1.631,0.499,1.669
INFO:root:141,0.511,1.625,0.501,1.661
INFO:root:142,0.511,1.627,0.5,1.668
INFO:root:143,0.511,1.627,0.5,1.669
INFO:root:144,0.512,1.624,0.503,1.664
INFO:root:145,0.511,1.623,0.502,1.658
INFO:root:146,0.512,1.621,0.503,1.657
INFO:root:147,0.511,1.623,0.502,1.657
INFO:root:148,0.511,1.628,0.502,1.663
INFO:root:149,0.512,1.623,0.502,1.664
INFO:root:150,0.511,1.62,0.501,1.658
INFO:root:151,0.512,1.625,0.503,1.663
INFO:root:152,0.512,1.618,0.504,1.655
INFO:root:153,0.512,1.619,0.503,1.655
INFO:root:154,0.512,1.617,0.502,1.656
INFO:root:155,0.511,1.621,0.501,1.661
INFO:root:156,0.511,1.625,0.501,1.666
INFO:root:157,0.512,1.622,0.502,1.662
INFO:root:158,0.512,1.616,0.502,1.655
INFO:root:159,0.512,1.616,0.502,1.657
INFO:root:160,0.513,1.614,0.504,1.654
INFO:root:161,0.514,1.613,0.504,1.654
INFO:root:162,0.514,1.611,0.503,1.652
INFO:root:163,0.513,1.613,0.503,1.652
INFO:root:164,0.515,1.61,0.506,1.649
INFO:root:165,0.515,1.609,0.502,1.651
INFO:root:166,0.513,1.612,0.503,1.652
INFO:root:167,0.513,1.613,0.501,1.656
INFO:root:168,0.512,1.614,0.502,1.653
INFO:root:169,0.515,1.608,0.504,1.649
INFO:root:170,0.515,1.608,0.504,1.647
INFO:root:171,0.515,1.608,0.504,1.647
INFO:root:172,0.515,1.607,0.502,1.649
INFO:root:173,0.515,1.609,0.504,1.65
INFO:root:174,0.513,1.614,0.503,1.651
INFO:root:175,0.513,1.609,0.503,1.653
INFO:root:176,0.514,1.607,0.501,1.65
INFO:root:177,0.514,1.611,0.503,1.655
INFO:root:178,0.516,1.604,0.503,1.646
INFO:root:179,0.514,1.61,0.504,1.652
INFO:root:180,0.515,1.603,0.505,1.646
INFO:root:181,0.516,1.601,0.505,1.642
INFO:root:182,0.515,1.606,0.504,1.645
INFO:root:183,0.514,1.612,0.504,1.651
INFO:root:184,0.516,1.604,0.503,1.645
INFO:root:185,0.514,1.606,0.504,1.645
INFO:root:186,0.516,1.601,0.503,1.644
INFO:root:187,0.516,1.604,0.502,1.648
INFO:root:188,0.514,1.608,0.505,1.649
INFO:root:189,0.516,1.603,0.504,1.647
INFO:root:190,0.515,1.602,0.503,1.643
INFO:root:191,0.517,1.599,0.506,1.645
INFO:root:192,0.517,1.599,0.504,1.647
INFO:root:193,0.517,1.6,0.504,1.645
INFO:root:194,0.516,1.6,0.506,1.642
INFO:root:195,0.517,1.596,0.506,1.641
INFO:root:196,0.517,1.598,0.504,1.643
INFO:root:197,0.515,1.602,0.503,1.649
INFO:root:198,0.517,1.597,0.506,1.637
INFO:root:199,0.516,1.6,0.504,1.645
INFO:root:200,0.516,1.599,0.505,1.644
INFO:root:201,0.516,1.598,0.505,1.64
INFO:root:202,0.518,1.596,0.507,1.641
INFO:root:203,0.517,1.595,0.504,1.64
INFO:root:204,0.515,1.6,0.502,1.647
INFO:root:205,0.517,1.595,0.505,1.639
INFO:root:206,0.518,1.594,0.506,1.636
INFO:root:207,0.517,1.597,0.504,1.642
INFO:root:208,0.517,1.596,0.504,1.64
INFO:root:209,0.518,1.594,0.505,1.64
INFO:root:210,0.518,1.592,0.505,1.639
INFO:root:211,0.518,1.593,0.506,1.639
INFO:root:212,0.518,1.591,0.505,1.639
INFO:root:213,0.517,1.594,0.503,1.645
INFO:root:214,0.515,1.598,0.501,1.649
INFO:root:215,0.516,1.601,0.503,1.65
INFO:root:216,0.516,1.595,0.502,1.647
INFO:root:217,0.517,1.595,0.504,1.642
INFO:root:218,0.517,1.593,0.504,1.643
INFO:root:219,0.518,1.59,0.505,1.634
INFO:root:220,0.518,1.591,0.506,1.636
INFO:root:221,0.518,1.593,0.506,1.639
INFO:root:222,0.518,1.589,0.504,1.641
INFO:root:223,0.519,1.589,0.505,1.638
INFO:root:224,0.516,1.595,0.503,1.645
INFO:root:225,0.515,1.598,0.5,1.649
INFO:root:226,0.517,1.59,0.505,1.636
INFO:root:227,0.518,1.59,0.505,1.638
INFO:root:228,0.517,1.59,0.504,1.638
INFO:root:229,0.519,1.586,0.506,1.635
INFO:root:230,0.519,1.588,0.507,1.635
INFO:root:231,0.518,1.592,0.503,1.64
INFO:root:232,0.518,1.591,0.505,1.641
INFO:root:233,0.52,1.585,0.506,1.632
INFO:root:234,0.515,1.595,0.505,1.64
INFO:root:235,0.519,1.589,0.507,1.631
INFO:root:236,0.519,1.586,0.506,1.636
INFO:root:237,0.518,1.591,0.505,1.639
INFO:root:238,0.519,1.585,0.507,1.634
INFO:root:239,0.52,1.585,0.506,1.633
INFO:root:240,0.519,1.586,0.505,1.638
INFO:root:241,0.519,1.586,0.506,1.634
INFO:root:242,0.52,1.584,0.505,1.632
INFO:root:243,0.52,1.584,0.506,1.63
INFO:root:244,0.515,1.601,0.503,1.652
INFO:root:245,0.52,1.583,0.507,1.635
INFO:root:246,0.521,1.581,0.507,1.632
INFO:root:247,0.52,1.583,0.506,1.633
INFO:root:248,0.518,1.592,0.503,1.643
INFO:root:249,0.519,1.583,0.507,1.632
INFO:root:250,0.52,1.585,0.505,1.637
