Epoch,Training Accuracy,Training Loss,Validation Accuracy,Validation Loss
1,0.377,2.275,0.378,2.273
2,0.435,2.001,0.432,2.01
3,0.466,1.858,0.462,1.878
4,0.489,1.771,0.482,1.796
5,0.502,1.715,0.494,1.747
6,0.517,1.656,0.509,1.696
7,0.525,1.623,0.512,1.669
8,0.539,1.579,0.524,1.634
9,0.54,1.568,0.527,1.617
10,0.553,1.527,0.534,1.595
11,0.556,1.506,0.536,1.577
12,0.56,1.494,0.538,1.572
13,0.565,1.471,0.542,1.553
14,0.572,1.449,0.546,1.542
15,0.572,1.447,0.545,1.542
16,0.581,1.416,0.553,1.516
17,0.583,1.409,0.552,1.513
18,0.586,1.397,0.553,1.507
19,0.589,1.381,0.556,1.496
20,0.593,1.371,0.559,1.493
21,0.598,1.354,0.561,1.483
22,0.6,1.344,0.562,1.478
23,0.6,1.34,0.563,1.478
24,0.607,1.32,0.565,1.468
25,0.605,1.323,0.561,1.48
26,0.607,1.322,0.563,1.473
27,0.613,1.298,0.566,1.458
28,0.617,1.286,0.568,1.464
29,0.615,1.288,0.567,1.459
30,0.62,1.273,0.57,1.448
31,0.617,1.281,0.566,1.464
32,0.618,1.274,0.567,1.471
33,0.629,1.246,0.573,1.448
34,0.625,1.258,0.574,1.453
35,0.631,1.237,0.572,1.449
36,0.627,1.249,0.571,1.453
37,0.633,1.226,0.572,1.45
38,0.637,1.215,0.574,1.442
39,0.634,1.221,0.57,1.466
40,0.637,1.214,0.572,1.461
41,0.637,1.212,0.573,1.446
42,0.64,1.201,0.575,1.449
43,0.644,1.194,0.576,1.445
44,0.632,1.227,0.567,1.481
