INFO:root:Epoch,Training Accuracy,Training Loss,Validation Accuracy,Validation Loss
INFO:root:1,0.339,2.498,0.342,2.489
INFO:root:2,0.37,2.258,0.373,2.245
INFO:root:3,0.383,2.189,0.387,2.173
INFO:root:4,0.39,2.167,0.395,2.154
INFO:root:5,0.399,2.121,0.404,2.107
INFO:root:6,0.399,2.104,0.403,2.095
INFO:root:7,0.401,2.093,0.407,2.083
INFO:root:8,0.407,2.079,0.409,2.079
INFO:root:9,0.41,2.068,0.412,2.061
INFO:root:10,0.414,2.053,0.417,2.052
INFO:root:11,0.416,2.04,0.419,2.039
INFO:root:12,0.42,2.026,0.422,2.021
INFO:root:13,0.421,2.021,0.422,2.023
INFO:root:14,0.42,2.011,0.422,2.011
INFO:root:15,0.425,2.0,0.425,2.001
INFO:root:16,0.428,1.99,0.426,1.989
INFO:root:17,0.43,1.982,0.431,1.981
INFO:root:18,0.433,1.97,0.432,1.972
INFO:root:19,0.432,1.965,0.431,1.965
INFO:root:20,0.438,1.953,0.438,1.953
INFO:root:21,0.439,1.943,0.44,1.942
INFO:root:22,0.442,1.933,0.442,1.934
INFO:root:23,0.441,1.942,0.443,1.942
INFO:root:24,0.446,1.916,0.446,1.917
INFO:root:25,0.447,1.91,0.448,1.912
INFO:root:26,0.45,1.902,0.451,1.906
INFO:root:27,0.453,1.899,0.451,1.912
INFO:root:28,0.453,1.889,0.451,1.897
INFO:root:29,0.453,1.884,0.451,1.889
INFO:root:30,0.458,1.869,0.458,1.874
INFO:root:31,0.461,1.863,0.458,1.872
INFO:root:32,0.461,1.856,0.457,1.866
INFO:root:33,0.46,1.857,0.459,1.864
INFO:root:34,0.464,1.846,0.46,1.861
INFO:root:35,0.464,1.844,0.461,1.852
INFO:root:36,0.464,1.837,0.462,1.843
INFO:root:37,0.468,1.828,0.466,1.838
INFO:root:38,0.469,1.822,0.468,1.832
INFO:root:39,0.468,1.821,0.464,1.835
INFO:root:40,0.47,1.815,0.468,1.829
INFO:root:41,0.472,1.807,0.47,1.819
INFO:root:42,0.472,1.804,0.47,1.813
INFO:root:43,0.474,1.798,0.472,1.808
INFO:root:44,0.474,1.796,0.471,1.805
INFO:root:45,0.474,1.795,0.471,1.808
INFO:root:46,0.477,1.786,0.474,1.8
INFO:root:47,0.476,1.783,0.473,1.798
INFO:root:48,0.478,1.781,0.474,1.799
INFO:root:49,0.479,1.775,0.474,1.794
INFO:root:50,0.477,1.777,0.474,1.792
INFO:root:51,0.479,1.772,0.475,1.788
INFO:root:52,0.479,1.767,0.476,1.781
INFO:root:53,0.481,1.764,0.478,1.782
INFO:root:54,0.483,1.756,0.479,1.772
INFO:root:55,0.482,1.756,0.48,1.771
INFO:root:56,0.484,1.75,0.48,1.769
INFO:root:57,0.485,1.749,0.48,1.77
INFO:root:58,0.485,1.746,0.48,1.769
INFO:root:59,0.484,1.75,0.478,1.77
INFO:root:60,0.486,1.739,0.481,1.759
INFO:root:61,0.487,1.734,0.483,1.754
INFO:root:62,0.487,1.735,0.484,1.754
INFO:root:63,0.486,1.735,0.481,1.755
INFO:root:64,0.488,1.731,0.481,1.755
INFO:root:65,0.487,1.729,0.482,1.756
INFO:root:66,0.489,1.728,0.485,1.747
INFO:root:67,0.488,1.726,0.481,1.75
INFO:root:68,0.491,1.717,0.487,1.737
INFO:root:69,0.489,1.72,0.484,1.744
INFO:root:70,0.49,1.716,0.486,1.739
INFO:root:71,0.492,1.716,0.486,1.74
INFO:root:72,0.49,1.713,0.482,1.741
INFO:root:73,0.493,1.707,0.489,1.728
INFO:root:74,0.493,1.707,0.485,1.736
INFO:root:75,0.494,1.706,0.486,1.731
INFO:root:76,0.494,1.701,0.488,1.728
INFO:root:77,0.494,1.703,0.486,1.729
INFO:root:78,0.495,1.699,0.489,1.725
INFO:root:79,0.495,1.696,0.487,1.725
INFO:root:80,0.497,1.696,0.489,1.723
INFO:root:81,0.497,1.692,0.49,1.719
INFO:root:82,0.496,1.692,0.489,1.718
INFO:root:83,0.496,1.696,0.489,1.725
INFO:root:84,0.497,1.688,0.491,1.716
INFO:root:85,0.497,1.686,0.491,1.711
INFO:root:86,0.499,1.683,0.491,1.71
INFO:root:87,0.497,1.683,0.491,1.71
INFO:root:88,0.497,1.686,0.491,1.711
INFO:root:89,0.499,1.678,0.491,1.704
INFO:root:90,0.498,1.684,0.487,1.719
INFO:root:91,0.499,1.676,0.491,1.706
INFO:root:92,0.499,1.676,0.491,1.703
INFO:root:93,0.499,1.675,0.493,1.7
INFO:root:94,0.501,1.67,0.493,1.701
INFO:root:95,0.501,1.67,0.492,1.702
INFO:root:96,0.498,1.677,0.492,1.706
INFO:root:97,0.501,1.668,0.495,1.697
INFO:root:98,0.502,1.665,0.496,1.691
INFO:root:99,0.502,1.664,0.495,1.694
INFO:root:100,0.501,1.666,0.491,1.696
INFO:root:101,0.503,1.664,0.494,1.699
INFO:root:102,0.503,1.662,0.493,1.693
INFO:root:103,0.502,1.664,0.495,1.691
INFO:root:104,0.504,1.656,0.496,1.687
INFO:root:105,0.504,1.659,0.494,1.693
INFO:root:106,0.504,1.655,0.495,1.685
INFO:root:107,0.504,1.654,0.494,1.688
INFO:root:108,0.504,1.655,0.496,1.685
INFO:root:109,0.505,1.652,0.497,1.683
INFO:root:110,0.505,1.652,0.498,1.683
INFO:root:111,0.504,1.656,0.496,1.69
INFO:root:112,0.504,1.655,0.494,1.687
INFO:root:113,0.505,1.649,0.494,1.683
INFO:root:114,0.506,1.65,0.494,1.688
INFO:root:115,0.505,1.647,0.498,1.678
INFO:root:116,0.505,1.648,0.494,1.685
INFO:root:117,0.505,1.647,0.495,1.684
INFO:root:118,0.505,1.648,0.497,1.684
INFO:root:119,0.506,1.641,0.497,1.678
INFO:root:120,0.507,1.644,0.497,1.677
INFO:root:121,0.506,1.646,0.495,1.683
INFO:root:122,0.507,1.645,0.497,1.684
INFO:root:123,0.506,1.642,0.496,1.678
INFO:root:124,0.507,1.639,0.496,1.674
INFO:root:125,0.507,1.639,0.497,1.673
INFO:root:126,0.508,1.636,0.501,1.67
INFO:root:127,0.506,1.639,0.493,1.678
INFO:root:128,0.506,1.641,0.496,1.677
INFO:root:129,0.505,1.641,0.493,1.678
INFO:root:130,0.507,1.638,0.497,1.674
INFO:root:131,0.509,1.632,0.501,1.664
INFO:root:132,0.508,1.636,0.5,1.669
INFO:root:133,0.507,1.634,0.498,1.668
INFO:root:134,0.51,1.629,0.499,1.665
INFO:root:135,0.509,1.632,0.498,1.667
INFO:root:136,0.51,1.629,0.5,1.666
INFO:root:137,0.51,1.628,0.497,1.666
INFO:root:138,0.51,1.628,0.499,1.666
INFO:root:139,0.51,1.627,0.499,1.662
INFO:root:140,0.509,1.629,0.499,1.668
INFO:root:141,0.51,1.625,0.5,1.662
INFO:root:142,0.51,1.628,0.5,1.663
INFO:root:143,0.509,1.628,0.5,1.66
INFO:root:144,0.511,1.624,0.5,1.664
INFO:root:145,0.511,1.623,0.499,1.659
INFO:root:146,0.511,1.621,0.499,1.662
INFO:root:147,0.511,1.623,0.498,1.663
INFO:root:148,0.511,1.621,0.5,1.663
INFO:root:149,0.51,1.621,0.498,1.66
INFO:root:150,0.512,1.62,0.499,1.662
INFO:root:151,0.511,1.621,0.501,1.66
INFO:root:152,0.513,1.616,0.5,1.656
INFO:root:153,0.511,1.618,0.5,1.657
INFO:root:154,0.512,1.616,0.501,1.653
INFO:root:155,0.511,1.621,0.501,1.66
INFO:root:156,0.512,1.617,0.5,1.658
INFO:root:157,0.511,1.62,0.5,1.659
INFO:root:158,0.513,1.615,0.501,1.656
INFO:root:159,0.512,1.616,0.498,1.657
INFO:root:160,0.509,1.621,0.498,1.656
INFO:root:161,0.513,1.613,0.5,1.653
INFO:root:162,0.512,1.616,0.499,1.659
INFO:root:163,0.513,1.613,0.502,1.657
INFO:root:164,0.513,1.612,0.504,1.65
INFO:root:165,0.514,1.612,0.501,1.655
INFO:root:166,0.514,1.61,0.501,1.651
INFO:root:167,0.514,1.611,0.503,1.652
INFO:root:168,0.513,1.61,0.501,1.652
INFO:root:169,0.513,1.611,0.503,1.651
INFO:root:170,0.514,1.607,0.502,1.648
INFO:root:171,0.513,1.609,0.502,1.651
INFO:root:172,0.515,1.606,0.503,1.648
INFO:root:173,0.514,1.607,0.5,1.655
INFO:root:174,0.512,1.611,0.498,1.657
INFO:root:175,0.514,1.61,0.502,1.65
INFO:root:176,0.514,1.607,0.504,1.649
INFO:root:177,0.515,1.605,0.504,1.649
INFO:root:178,0.515,1.605,0.503,1.649
INFO:root:179,0.515,1.604,0.504,1.648
INFO:root:180,0.515,1.605,0.502,1.647
INFO:root:181,0.514,1.607,0.503,1.651
INFO:root:182,0.516,1.601,0.504,1.646
INFO:root:183,0.516,1.601,0.504,1.645
INFO:root:184,0.515,1.604,0.503,1.647
INFO:root:185,0.513,1.608,0.5,1.651
INFO:root:186,0.514,1.606,0.504,1.646
INFO:root:187,0.516,1.603,0.504,1.646
INFO:root:188,0.515,1.604,0.502,1.65
INFO:root:189,0.515,1.601,0.501,1.65
INFO:root:190,0.514,1.603,0.503,1.646
INFO:root:191,0.516,1.6,0.505,1.642
INFO:root:192,0.517,1.6,0.505,1.644
INFO:root:193,0.515,1.602,0.503,1.644
INFO:root:194,0.516,1.603,0.503,1.648
INFO:root:195,0.516,1.599,0.502,1.645
INFO:root:196,0.515,1.602,0.503,1.646
INFO:root:197,0.516,1.6,0.503,1.645
INFO:root:198,0.517,1.595,0.503,1.644
INFO:root:199,0.517,1.597,0.502,1.644
INFO:root:200,0.517,1.596,0.505,1.64
INFO:root:201,0.515,1.6,0.501,1.645
INFO:root:202,0.516,1.597,0.504,1.644
INFO:root:203,0.516,1.596,0.505,1.64
INFO:root:204,0.516,1.598,0.502,1.651
INFO:root:205,0.517,1.595,0.504,1.641
INFO:root:206,0.517,1.597,0.504,1.644
INFO:root:207,0.517,1.595,0.506,1.64
INFO:root:208,0.515,1.603,0.502,1.653
INFO:root:209,0.515,1.6,0.501,1.646
INFO:root:210,0.516,1.598,0.503,1.643
INFO:root:211,0.516,1.596,0.505,1.64
INFO:root:212,0.518,1.591,0.506,1.636
INFO:root:213,0.516,1.595,0.503,1.644
INFO:root:214,0.517,1.592,0.505,1.639
INFO:root:215,0.519,1.59,0.505,1.636
INFO:root:216,0.518,1.591,0.504,1.637
INFO:root:217,0.518,1.59,0.504,1.64
INFO:root:218,0.515,1.599,0.504,1.644
INFO:root:219,0.518,1.589,0.507,1.635
INFO:root:220,0.519,1.589,0.504,1.638
INFO:root:221,0.518,1.592,0.505,1.641
INFO:root:222,0.518,1.59,0.507,1.635
INFO:root:223,0.519,1.587,0.505,1.637
INFO:root:224,0.518,1.592,0.505,1.645
INFO:root:225,0.518,1.589,0.506,1.638
INFO:root:226,0.518,1.591,0.506,1.635
INFO:root:227,0.518,1.592,0.505,1.641
INFO:root:228,0.518,1.59,0.505,1.635
INFO:root:229,0.518,1.591,0.504,1.642
INFO:root:230,0.519,1.585,0.506,1.635
INFO:root:231,0.519,1.586,0.506,1.636
INFO:root:232,0.519,1.586,0.507,1.635
INFO:root:233,0.518,1.588,0.507,1.635
INFO:root:234,0.519,1.585,0.507,1.633
INFO:root:235,0.518,1.593,0.503,1.642
INFO:root:236,0.518,1.586,0.506,1.636
INFO:root:237,0.518,1.587,0.503,1.637
INFO:root:238,0.518,1.589,0.502,1.641
INFO:root:239,0.517,1.59,0.502,1.641
INFO:root:240,0.518,1.586,0.503,1.638
INFO:root:241,0.52,1.581,0.506,1.631
INFO:root:242,0.518,1.585,0.506,1.634
INFO:root:243,0.52,1.582,0.506,1.633
INFO:root:244,0.52,1.582,0.505,1.635
INFO:root:245,0.52,1.581,0.505,1.634
INFO:root:246,0.519,1.584,0.504,1.637
INFO:root:247,0.518,1.585,0.506,1.634
INFO:root:248,0.52,1.582,0.507,1.631
INFO:root:249,0.519,1.588,0.504,1.639
INFO:root:250,0.519,1.582,0.505,1.634
