INFO:root:Epoch,Training Accuracy,Training Loss,Validation Accuracy,Validation Loss
INFO:root:1,0.336,2.495,0.339,2.481
INFO:root:2,0.38,2.258,0.383,2.246
INFO:root:3,0.386,2.179,0.393,2.163
INFO:root:4,0.397,2.143,0.4,2.136
INFO:root:5,0.395,2.122,0.401,2.116
INFO:root:6,0.404,2.1,0.407,2.1
INFO:root:7,0.406,2.085,0.411,2.078
INFO:root:8,0.402,2.079,0.403,2.077
INFO:root:9,0.414,2.057,0.416,2.055
INFO:root:10,0.413,2.054,0.417,2.051
INFO:root:11,0.414,2.043,0.415,2.039
INFO:root:12,0.418,2.035,0.42,2.032
INFO:root:13,0.418,2.029,0.421,2.022
INFO:root:14,0.422,2.015,0.423,2.014
INFO:root:15,0.424,2.004,0.424,1.999
INFO:root:16,0.428,1.989,0.429,1.988
INFO:root:17,0.427,1.988,0.426,1.988
INFO:root:18,0.432,1.976,0.433,1.976
INFO:root:19,0.435,1.964,0.435,1.963
INFO:root:20,0.435,1.96,0.435,1.961
INFO:root:21,0.441,1.946,0.441,1.949
INFO:root:22,0.44,1.942,0.442,1.941
INFO:root:23,0.444,1.93,0.443,1.928
INFO:root:24,0.447,1.922,0.445,1.928
INFO:root:25,0.449,1.91,0.449,1.913
INFO:root:26,0.451,1.906,0.45,1.904
INFO:root:27,0.453,1.894,0.449,1.902
INFO:root:28,0.451,1.893,0.449,1.902
INFO:root:29,0.454,1.881,0.455,1.881
INFO:root:30,0.458,1.873,0.457,1.879
INFO:root:31,0.458,1.867,0.457,1.87
INFO:root:32,0.456,1.873,0.458,1.875
INFO:root:33,0.461,1.852,0.457,1.862
INFO:root:34,0.464,1.844,0.461,1.853
INFO:root:35,0.463,1.842,0.463,1.848
INFO:root:36,0.466,1.833,0.463,1.842
INFO:root:37,0.466,1.83,0.465,1.838
INFO:root:38,0.469,1.829,0.467,1.839
INFO:root:39,0.469,1.821,0.467,1.829
INFO:root:40,0.472,1.811,0.47,1.821
INFO:root:41,0.467,1.817,0.464,1.829
INFO:root:42,0.469,1.815,0.467,1.827
INFO:root:43,0.471,1.803,0.468,1.814
INFO:root:44,0.474,1.794,0.473,1.806
INFO:root:45,0.476,1.791,0.471,1.805
INFO:root:46,0.477,1.784,0.475,1.794
INFO:root:47,0.476,1.783,0.475,1.791
INFO:root:48,0.476,1.784,0.472,1.798
INFO:root:49,0.48,1.774,0.478,1.784
INFO:root:50,0.479,1.774,0.475,1.786
INFO:root:51,0.48,1.767,0.477,1.781
INFO:root:52,0.481,1.765,0.479,1.777
INFO:root:53,0.481,1.763,0.479,1.775
INFO:root:54,0.481,1.762,0.475,1.779
INFO:root:55,0.483,1.756,0.479,1.768
INFO:root:56,0.484,1.748,0.48,1.765
INFO:root:57,0.485,1.747,0.483,1.764
INFO:root:58,0.484,1.745,0.48,1.764
INFO:root:59,0.485,1.744,0.48,1.765
INFO:root:60,0.486,1.739,0.482,1.757
INFO:root:61,0.487,1.737,0.482,1.756
INFO:root:62,0.488,1.731,0.484,1.75
INFO:root:63,0.488,1.733,0.484,1.748
INFO:root:64,0.485,1.743,0.477,1.77
INFO:root:65,0.49,1.724,0.486,1.744
INFO:root:66,0.489,1.725,0.484,1.744
INFO:root:67,0.491,1.719,0.485,1.745
INFO:root:68,0.49,1.722,0.485,1.745
INFO:root:69,0.491,1.717,0.488,1.737
INFO:root:70,0.49,1.718,0.485,1.738
INFO:root:71,0.493,1.71,0.489,1.732
INFO:root:72,0.49,1.717,0.481,1.743
INFO:root:73,0.492,1.71,0.487,1.732
INFO:root:74,0.492,1.711,0.486,1.732
INFO:root:75,0.493,1.707,0.488,1.727
INFO:root:76,0.493,1.704,0.487,1.728
INFO:root:77,0.495,1.697,0.489,1.72
INFO:root:78,0.492,1.709,0.487,1.734
INFO:root:79,0.497,1.693,0.492,1.718
INFO:root:80,0.494,1.7,0.486,1.729
INFO:root:81,0.497,1.693,0.491,1.718
INFO:root:82,0.497,1.691,0.49,1.719
INFO:root:83,0.494,1.699,0.49,1.725
INFO:root:84,0.495,1.694,0.489,1.72
INFO:root:85,0.496,1.691,0.491,1.716
INFO:root:86,0.498,1.683,0.491,1.711
INFO:root:87,0.499,1.68,0.492,1.709
INFO:root:88,0.499,1.68,0.49,1.71
INFO:root:89,0.499,1.681,0.493,1.708
INFO:root:90,0.497,1.684,0.49,1.711
INFO:root:91,0.499,1.676,0.493,1.707
INFO:root:92,0.5,1.675,0.494,1.702
INFO:root:93,0.5,1.678,0.495,1.703
INFO:root:94,0.5,1.674,0.492,1.707
INFO:root:95,0.502,1.671,0.495,1.7
INFO:root:96,0.501,1.67,0.492,1.705
INFO:root:97,0.501,1.669,0.496,1.697
INFO:root:98,0.5,1.671,0.492,1.7
INFO:root:99,0.502,1.666,0.495,1.7
INFO:root:100,0.502,1.665,0.494,1.696
INFO:root:101,0.5,1.671,0.494,1.703
INFO:root:102,0.502,1.664,0.494,1.699
INFO:root:103,0.503,1.66,0.496,1.692
INFO:root:104,0.504,1.657,0.496,1.689
INFO:root:105,0.503,1.661,0.496,1.694
INFO:root:106,0.505,1.655,0.497,1.69
INFO:root:107,0.502,1.659,0.495,1.692
INFO:root:108,0.504,1.656,0.495,1.686
INFO:root:109,0.505,1.654,0.496,1.686
INFO:root:110,0.505,1.654,0.497,1.687
INFO:root:111,0.506,1.653,0.497,1.685
INFO:root:112,0.505,1.65,0.496,1.684
INFO:root:113,0.505,1.652,0.496,1.687
INFO:root:114,0.507,1.647,0.498,1.682
INFO:root:115,0.505,1.65,0.495,1.689
INFO:root:116,0.507,1.646,0.497,1.682
INFO:root:117,0.507,1.648,0.495,1.687
INFO:root:118,0.506,1.647,0.495,1.688
INFO:root:119,0.504,1.651,0.497,1.686
INFO:root:120,0.506,1.647,0.493,1.687
INFO:root:121,0.508,1.641,0.497,1.682
INFO:root:122,0.506,1.646,0.496,1.682
INFO:root:123,0.507,1.641,0.496,1.681
INFO:root:124,0.507,1.64,0.498,1.676
INFO:root:125,0.507,1.645,0.496,1.686
INFO:root:126,0.505,1.646,0.497,1.682
INFO:root:127,0.509,1.638,0.498,1.678
INFO:root:128,0.508,1.639,0.496,1.679
INFO:root:129,0.506,1.642,0.498,1.68
INFO:root:130,0.508,1.636,0.496,1.678
INFO:root:131,0.509,1.635,0.498,1.674
INFO:root:132,0.51,1.632,0.499,1.671
INFO:root:133,0.51,1.631,0.5,1.671
INFO:root:134,0.509,1.633,0.499,1.675
INFO:root:135,0.509,1.637,0.497,1.674
INFO:root:136,0.508,1.636,0.496,1.68
INFO:root:137,0.509,1.632,0.499,1.673
INFO:root:138,0.508,1.635,0.496,1.679
INFO:root:139,0.51,1.629,0.499,1.67
INFO:root:140,0.51,1.628,0.499,1.669
INFO:root:141,0.509,1.633,0.5,1.672
INFO:root:142,0.51,1.63,0.499,1.671
INFO:root:143,0.511,1.624,0.499,1.667
INFO:root:144,0.511,1.625,0.5,1.666
INFO:root:145,0.511,1.626,0.498,1.668
INFO:root:146,0.511,1.625,0.497,1.669
INFO:root:147,0.512,1.621,0.499,1.667
INFO:root:148,0.509,1.628,0.499,1.671
INFO:root:149,0.512,1.621,0.501,1.661
INFO:root:150,0.511,1.623,0.5,1.664
INFO:root:151,0.511,1.624,0.498,1.666
INFO:root:152,0.51,1.625,0.499,1.668
INFO:root:153,0.512,1.62,0.498,1.669
INFO:root:154,0.511,1.626,0.499,1.672
INFO:root:155,0.513,1.62,0.5,1.666
INFO:root:156,0.512,1.62,0.502,1.658
INFO:root:157,0.511,1.624,0.499,1.671
INFO:root:158,0.511,1.621,0.498,1.668
INFO:root:159,0.513,1.617,0.5,1.662
INFO:root:160,0.513,1.617,0.5,1.663
INFO:root:161,0.511,1.62,0.499,1.666
INFO:root:162,0.513,1.615,0.502,1.66
INFO:root:163,0.513,1.615,0.501,1.66
INFO:root:164,0.514,1.613,0.502,1.657
INFO:root:165,0.514,1.612,0.501,1.657
INFO:root:166,0.511,1.621,0.497,1.673
INFO:root:167,0.514,1.614,0.499,1.661
INFO:root:168,0.514,1.61,0.502,1.656
INFO:root:169,0.514,1.61,0.5,1.658
INFO:root:170,0.515,1.609,0.499,1.657
INFO:root:171,0.514,1.615,0.501,1.663
INFO:root:172,0.513,1.613,0.502,1.654
INFO:root:173,0.514,1.61,0.5,1.658
INFO:root:174,0.514,1.61,0.498,1.66
INFO:root:175,0.514,1.608,0.501,1.654
INFO:root:176,0.51,1.617,0.496,1.664
INFO:root:177,0.514,1.61,0.499,1.659
INFO:root:178,0.514,1.609,0.501,1.656
INFO:root:179,0.513,1.614,0.499,1.661
INFO:root:180,0.515,1.606,0.502,1.652
INFO:root:181,0.515,1.605,0.502,1.655
INFO:root:182,0.515,1.607,0.5,1.658
INFO:root:183,0.514,1.605,0.5,1.655
INFO:root:184,0.515,1.605,0.502,1.655
INFO:root:185,0.514,1.607,0.5,1.662
INFO:root:186,0.517,1.601,0.504,1.646
INFO:root:187,0.513,1.609,0.503,1.651
INFO:root:188,0.516,1.602,0.501,1.653
INFO:root:189,0.517,1.601,0.499,1.656
INFO:root:190,0.515,1.605,0.501,1.655
INFO:root:191,0.516,1.601,0.503,1.649
INFO:root:192,0.516,1.602,0.5,1.652
INFO:root:193,0.516,1.601,0.5,1.654
INFO:root:194,0.515,1.604,0.501,1.654
INFO:root:195,0.516,1.601,0.501,1.651
INFO:root:196,0.516,1.603,0.498,1.657
INFO:root:197,0.516,1.599,0.503,1.65
INFO:root:198,0.514,1.604,0.497,1.658
INFO:root:199,0.515,1.603,0.499,1.653
INFO:root:200,0.517,1.6,0.501,1.654
INFO:root:201,0.516,1.602,0.5,1.658
INFO:root:202,0.515,1.603,0.502,1.653
INFO:root:203,0.517,1.599,0.502,1.649
INFO:root:204,0.516,1.599,0.504,1.648
INFO:root:205,0.516,1.602,0.499,1.658
INFO:root:206,0.517,1.596,0.502,1.648
INFO:root:207,0.515,1.603,0.502,1.654
INFO:root:208,0.515,1.599,0.5,1.65
INFO:root:209,0.515,1.6,0.501,1.652
INFO:root:210,0.517,1.596,0.503,1.646
INFO:root:211,0.518,1.594,0.503,1.646
INFO:root:212,0.517,1.599,0.502,1.654
INFO:root:213,0.518,1.593,0.505,1.641
INFO:root:214,0.518,1.591,0.504,1.643
INFO:root:215,0.518,1.593,0.501,1.644
INFO:root:216,0.518,1.594,0.503,1.642
INFO:root:217,0.518,1.593,0.502,1.645
INFO:root:218,0.519,1.59,0.503,1.642
INFO:root:219,0.516,1.596,0.5,1.651
INFO:root:220,0.518,1.591,0.503,1.642
INFO:root:221,0.517,1.593,0.501,1.647
INFO:root:222,0.518,1.591,0.502,1.645
INFO:root:223,0.518,1.592,0.501,1.646
INFO:root:224,0.517,1.597,0.503,1.646
INFO:root:225,0.518,1.59,0.501,1.644
INFO:root:226,0.518,1.591,0.501,1.644
INFO:root:227,0.519,1.588,0.505,1.64
INFO:root:228,0.516,1.599,0.501,1.65
INFO:root:229,0.519,1.588,0.506,1.636
INFO:root:230,0.516,1.595,0.501,1.646
INFO:root:231,0.517,1.593,0.501,1.648
INFO:root:232,0.519,1.59,0.506,1.644
INFO:root:233,0.518,1.592,0.5,1.65
INFO:root:234,0.516,1.594,0.5,1.649
INFO:root:235,0.519,1.588,0.505,1.64
INFO:root:236,0.519,1.588,0.503,1.641
INFO:root:237,0.518,1.591,0.503,1.644
INFO:root:238,0.52,1.586,0.505,1.639
INFO:root:239,0.517,1.595,0.501,1.65
INFO:root:240,0.519,1.589,0.503,1.643
INFO:root:241,0.519,1.586,0.504,1.639
INFO:root:242,0.52,1.585,0.501,1.638
INFO:root:243,0.52,1.585,0.502,1.639
INFO:root:244,0.519,1.588,0.5,1.643
INFO:root:245,0.52,1.585,0.503,1.638
INFO:root:246,0.519,1.585,0.501,1.643
INFO:root:247,0.52,1.583,0.503,1.642
INFO:root:248,0.521,1.581,0.505,1.635
INFO:root:249,0.52,1.584,0.506,1.636
INFO:root:250,0.519,1.588,0.503,1.64
