INFO:root:Epoch,Training Accuracy,Training Loss,Validation Accuracy,Validation Loss
INFO:root:1,0.346,2.326,0.351,2.31
INFO:root:2,0.397,2.107,0.404,2.096
INFO:root:3,0.418,2.026,0.422,2.019
INFO:root:4,0.427,1.98,0.432,1.972
INFO:root:5,0.435,1.941,0.436,1.947
INFO:root:6,0.446,1.887,0.447,1.889
INFO:root:7,0.457,1.846,0.457,1.848
INFO:root:8,0.467,1.806,0.47,1.807
INFO:root:9,0.477,1.774,0.477,1.776
INFO:root:10,0.484,1.736,0.484,1.739
INFO:root:11,0.492,1.716,0.49,1.727
INFO:root:12,0.497,1.69,0.496,1.702
INFO:root:13,0.501,1.673,0.501,1.679
INFO:root:14,0.509,1.642,0.506,1.653
INFO:root:15,0.513,1.624,0.51,1.638
INFO:root:16,0.521,1.598,0.52,1.605
INFO:root:17,0.521,1.593,0.516,1.616
INFO:root:18,0.531,1.56,0.528,1.582
INFO:root:19,0.536,1.538,0.531,1.557
INFO:root:20,0.539,1.524,0.535,1.543
INFO:root:21,0.543,1.511,0.537,1.529
INFO:root:22,0.547,1.497,0.541,1.524
INFO:root:23,0.55,1.482,0.542,1.509
INFO:root:24,0.551,1.476,0.544,1.498
INFO:root:25,0.555,1.467,0.546,1.498
INFO:root:26,0.554,1.466,0.545,1.488
INFO:root:27,0.565,1.43,0.553,1.463
INFO:root:28,0.567,1.421,0.559,1.451
INFO:root:29,0.564,1.427,0.552,1.465
INFO:root:30,0.567,1.413,0.557,1.449
INFO:root:31,0.573,1.395,0.561,1.437
INFO:root:32,0.575,1.39,0.562,1.435
INFO:root:33,0.576,1.386,0.566,1.429
INFO:root:34,0.577,1.379,0.565,1.417
INFO:root:35,0.578,1.379,0.559,1.431
INFO:root:36,0.58,1.368,0.569,1.409
INFO:root:37,0.585,1.353,0.571,1.405
INFO:root:38,0.578,1.371,0.559,1.432
INFO:root:39,0.588,1.34,0.574,1.391
INFO:root:40,0.589,1.334,0.576,1.386
INFO:root:41,0.586,1.345,0.567,1.399
INFO:root:42,0.591,1.332,0.572,1.392
INFO:root:43,0.586,1.339,0.567,1.403
INFO:root:44,0.585,1.343,0.574,1.385
INFO:root:45,0.594,1.316,0.576,1.384
INFO:root:46,0.597,1.307,0.579,1.367
INFO:root:47,0.593,1.323,0.576,1.379
INFO:root:48,0.598,1.303,0.583,1.367
INFO:root:49,0.602,1.285,0.583,1.35
INFO:root:50,0.594,1.315,0.571,1.387
INFO:root:51,0.603,1.284,0.582,1.348
INFO:root:52,0.606,1.274,0.584,1.348
INFO:root:53,0.603,1.281,0.581,1.359
INFO:root:54,0.609,1.264,0.586,1.338
INFO:root:55,0.609,1.263,0.587,1.341
INFO:root:56,0.606,1.27,0.583,1.356
INFO:root:57,0.609,1.257,0.589,1.333
INFO:root:58,0.608,1.26,0.584,1.338
INFO:root:59,0.599,1.293,0.58,1.37
INFO:root:60,0.615,1.244,0.593,1.323
INFO:root:61,0.615,1.238,0.59,1.32
INFO:root:62,0.616,1.239,0.592,1.32
INFO:root:63,0.617,1.234,0.593,1.317
INFO:root:64,0.618,1.229,0.593,1.32
INFO:root:65,0.619,1.225,0.593,1.317
INFO:root:66,0.61,1.253,0.581,1.35
INFO:root:67,0.62,1.222,0.591,1.321
INFO:root:68,0.622,1.219,0.591,1.315
INFO:root:69,0.618,1.227,0.589,1.322
INFO:root:70,0.623,1.211,0.594,1.306
INFO:root:71,0.619,1.221,0.591,1.321
INFO:root:72,0.625,1.208,0.595,1.306
INFO:root:73,0.609,1.256,0.58,1.356
INFO:root:74,0.625,1.205,0.595,1.307
INFO:root:75,0.624,1.206,0.591,1.313
INFO:root:76,0.625,1.201,0.597,1.303
INFO:root:77,0.625,1.201,0.598,1.294
INFO:root:78,0.627,1.197,0.598,1.303
INFO:root:79,0.632,1.181,0.601,1.291
INFO:root:80,0.63,1.186,0.601,1.294
INFO:root:81,0.626,1.201,0.592,1.305
INFO:root:82,0.575,1.343,0.544,1.465
INFO:root:83,0.636,1.17,0.6,1.286
INFO:root:84,0.633,1.175,0.6,1.293
INFO:root:85,0.632,1.182,0.598,1.296
INFO:root:86,0.632,1.175,0.594,1.293
INFO:root:87,0.635,1.167,0.601,1.284
INFO:root:88,0.632,1.175,0.599,1.29
INFO:root:89,0.637,1.163,0.6,1.284
INFO:root:90,0.612,1.225,0.573,1.356
INFO:root:91,0.636,1.164,0.597,1.287
INFO:root:92,0.635,1.164,0.601,1.291
INFO:root:93,0.638,1.155,0.603,1.285
INFO:root:94,0.637,1.162,0.597,1.294
INFO:root:95,0.637,1.161,0.598,1.294
INFO:root:96,0.638,1.16,0.596,1.294
INFO:root:97,0.641,1.147,0.602,1.284
INFO:root:98,0.637,1.157,0.597,1.293
INFO:root:99,0.639,1.151,0.597,1.287
INFO:root:100,0.639,1.151,0.6,1.287
INFO:root:101,0.64,1.15,0.601,1.286
INFO:root:102,0.643,1.14,0.603,1.28
INFO:root:103,0.643,1.138,0.6,1.281
INFO:root:104,0.643,1.136,0.602,1.279
INFO:root:105,0.646,1.13,0.604,1.276
INFO:root:106,0.648,1.125,0.605,1.274
INFO:root:107,0.641,1.143,0.6,1.293
INFO:root:108,0.645,1.134,0.605,1.281
INFO:root:109,0.65,1.116,0.608,1.265
INFO:root:110,0.641,1.146,0.6,1.3
INFO:root:111,0.647,1.127,0.601,1.275
INFO:root:112,0.644,1.137,0.6,1.288
INFO:root:113,0.65,1.117,0.604,1.266
INFO:root:114,0.649,1.119,0.603,1.28
INFO:root:115,0.65,1.117,0.601,1.274
INFO:root:116,0.646,1.129,0.601,1.284
INFO:root:117,0.651,1.111,0.605,1.275
INFO:root:118,0.645,1.132,0.602,1.285
INFO:root:119,0.65,1.115,0.604,1.276
INFO:root:120,0.652,1.109,0.601,1.279
