INFO:root:Epoch,Training Accuracy,Training Loss,Validation Accuracy,Validation Loss
INFO:root:1,0.278,2.822,0.286,2.803
INFO:root:2,0.351,2.347,0.356,2.335
INFO:root:3,0.393,2.154,0.396,2.148
INFO:root:4,0.413,2.055,0.417,2.048
INFO:root:5,0.425,2.005,0.431,1.993
INFO:root:6,0.442,1.937,0.445,1.937
INFO:root:7,0.447,1.905,0.45,1.899
INFO:root:8,0.458,1.865,0.46,1.861
INFO:root:9,0.464,1.837,0.463,1.841
INFO:root:10,0.47,1.822,0.469,1.83
INFO:root:11,0.477,1.788,0.478,1.791
INFO:root:12,0.483,1.76,0.483,1.768
INFO:root:13,0.489,1.742,0.49,1.744
INFO:root:14,0.494,1.72,0.495,1.726
INFO:root:15,0.499,1.7,0.497,1.712
INFO:root:16,0.502,1.686,0.5,1.698
INFO:root:17,0.507,1.668,0.505,1.684
INFO:root:18,0.508,1.664,0.503,1.679
INFO:root:19,0.511,1.648,0.506,1.658
INFO:root:20,0.517,1.63,0.514,1.646
INFO:root:21,0.515,1.631,0.51,1.648
INFO:root:22,0.522,1.609,0.518,1.628
INFO:root:23,0.523,1.601,0.517,1.619
INFO:root:24,0.526,1.588,0.523,1.604
INFO:root:25,0.53,1.576,0.527,1.591
INFO:root:26,0.532,1.568,0.527,1.583
INFO:root:27,0.533,1.563,0.527,1.582
INFO:root:28,0.536,1.554,0.529,1.575
INFO:root:29,0.537,1.548,0.532,1.566
INFO:root:30,0.54,1.536,0.533,1.56
INFO:root:31,0.541,1.53,0.533,1.551
INFO:root:32,0.541,1.532,0.533,1.559
INFO:root:33,0.543,1.519,0.535,1.547
INFO:root:34,0.545,1.512,0.538,1.54
INFO:root:35,0.549,1.502,0.54,1.531
INFO:root:36,0.551,1.494,0.541,1.522
INFO:root:37,0.55,1.494,0.543,1.523
INFO:root:38,0.551,1.489,0.542,1.516
INFO:root:39,0.55,1.493,0.54,1.523
INFO:root:40,0.553,1.477,0.543,1.509
INFO:root:41,0.556,1.475,0.543,1.508
INFO:root:42,0.557,1.467,0.545,1.502
INFO:root:43,0.557,1.464,0.546,1.494
INFO:root:44,0.559,1.459,0.547,1.49
INFO:root:45,0.558,1.462,0.55,1.491
INFO:root:46,0.562,1.451,0.55,1.492
INFO:root:47,0.562,1.445,0.553,1.479
INFO:root:48,0.563,1.443,0.553,1.479
INFO:root:49,0.563,1.441,0.556,1.476
INFO:root:50,0.567,1.429,0.556,1.468
INFO:root:51,0.568,1.428,0.554,1.468
INFO:root:52,0.567,1.427,0.554,1.471
INFO:root:53,0.568,1.423,0.557,1.461
INFO:root:54,0.569,1.418,0.556,1.463
INFO:root:55,0.569,1.419,0.557,1.464
INFO:root:56,0.568,1.422,0.554,1.463
INFO:root:57,0.573,1.405,0.562,1.447
INFO:root:58,0.571,1.409,0.557,1.45
INFO:root:59,0.571,1.409,0.556,1.455
INFO:root:60,0.574,1.404,0.559,1.445
INFO:root:61,0.575,1.399,0.56,1.445
INFO:root:62,0.574,1.4,0.559,1.452
INFO:root:63,0.577,1.391,0.566,1.43
INFO:root:64,0.575,1.393,0.562,1.438
INFO:root:65,0.578,1.386,0.564,1.437
INFO:root:66,0.576,1.392,0.558,1.448
INFO:root:67,0.577,1.384,0.563,1.435
INFO:root:68,0.578,1.386,0.563,1.436
INFO:root:69,0.574,1.392,0.559,1.444
INFO:root:70,0.575,1.39,0.561,1.443
INFO:root:71,0.578,1.379,0.563,1.431
INFO:root:72,0.581,1.371,0.565,1.423
INFO:root:73,0.581,1.372,0.568,1.425
INFO:root:74,0.584,1.364,0.568,1.417
INFO:root:75,0.582,1.367,0.565,1.423
INFO:root:76,0.585,1.357,0.567,1.412
INFO:root:77,0.586,1.355,0.568,1.411
INFO:root:78,0.585,1.359,0.564,1.422
INFO:root:79,0.584,1.358,0.568,1.414
INFO:root:80,0.585,1.359,0.568,1.411
INFO:root:81,0.586,1.351,0.569,1.412
INFO:root:82,0.584,1.359,0.567,1.419
INFO:root:83,0.586,1.354,0.57,1.413
INFO:root:84,0.587,1.347,0.567,1.413
INFO:root:85,0.589,1.343,0.569,1.409
INFO:root:86,0.588,1.346,0.571,1.408
INFO:root:87,0.587,1.348,0.568,1.41
INFO:root:88,0.589,1.339,0.571,1.399
INFO:root:89,0.589,1.34,0.57,1.408
INFO:root:90,0.59,1.337,0.573,1.399
INFO:root:91,0.593,1.331,0.572,1.396
INFO:root:92,0.589,1.341,0.573,1.406
INFO:root:93,0.591,1.334,0.575,1.396
INFO:root:94,0.593,1.327,0.574,1.393
INFO:root:95,0.592,1.329,0.575,1.396
INFO:root:96,0.593,1.326,0.571,1.394
INFO:root:97,0.59,1.336,0.57,1.406
INFO:root:98,0.591,1.327,0.571,1.393
INFO:root:99,0.594,1.325,0.572,1.395
INFO:root:100,0.594,1.322,0.572,1.394
INFO:root:101,0.596,1.316,0.575,1.386
INFO:root:102,0.593,1.326,0.57,1.403
INFO:root:103,0.592,1.328,0.57,1.401
INFO:root:104,0.595,1.317,0.577,1.388
INFO:root:105,0.597,1.312,0.574,1.386
INFO:root:106,0.596,1.312,0.573,1.385
INFO:root:107,0.596,1.314,0.576,1.385
INFO:root:108,0.597,1.31,0.576,1.382
INFO:root:109,0.596,1.313,0.572,1.391
INFO:root:110,0.598,1.306,0.575,1.38
INFO:root:111,0.599,1.306,0.577,1.383
INFO:root:112,0.598,1.305,0.576,1.379
INFO:root:113,0.597,1.308,0.577,1.381
INFO:root:114,0.599,1.302,0.577,1.38
INFO:root:115,0.599,1.306,0.576,1.379
INFO:root:116,0.597,1.308,0.575,1.383
INFO:root:117,0.597,1.308,0.575,1.381
INFO:root:118,0.601,1.297,0.576,1.375
INFO:root:119,0.6,1.3,0.578,1.376
INFO:root:120,0.6,1.299,0.576,1.383
INFO:root:121,0.6,1.301,0.575,1.382
INFO:root:122,0.599,1.3,0.575,1.38
INFO:root:123,0.601,1.293,0.579,1.372
INFO:root:124,0.603,1.29,0.58,1.371
INFO:root:125,0.602,1.29,0.579,1.374
INFO:root:126,0.6,1.295,0.579,1.378
INFO:root:127,0.602,1.289,0.581,1.372
INFO:root:128,0.602,1.29,0.577,1.374
INFO:root:129,0.603,1.288,0.579,1.373
INFO:root:130,0.604,1.285,0.579,1.371
INFO:root:131,0.602,1.289,0.577,1.377
INFO:root:132,0.601,1.292,0.577,1.381
INFO:root:133,0.605,1.282,0.58,1.368
INFO:root:134,0.605,1.28,0.582,1.365
INFO:root:135,0.604,1.284,0.581,1.369
INFO:root:136,0.603,1.286,0.581,1.37
INFO:root:137,0.603,1.285,0.58,1.37
INFO:root:138,0.606,1.278,0.582,1.365
INFO:root:139,0.604,1.28,0.581,1.371
INFO:root:140,0.604,1.279,0.579,1.369
INFO:root:141,0.605,1.279,0.581,1.371
INFO:root:142,0.608,1.271,0.581,1.365
INFO:root:143,0.608,1.271,0.583,1.359
INFO:root:144,0.606,1.277,0.578,1.374
INFO:root:145,0.607,1.273,0.581,1.364
INFO:root:146,0.603,1.281,0.581,1.37
INFO:root:147,0.608,1.268,0.582,1.357
INFO:root:148,0.606,1.277,0.578,1.375
INFO:root:149,0.607,1.27,0.581,1.363
INFO:root:150,0.605,1.277,0.577,1.374
INFO:root:151,0.608,1.268,0.582,1.364
INFO:root:152,0.608,1.269,0.582,1.364
INFO:root:153,0.607,1.273,0.581,1.37
INFO:root:154,0.607,1.269,0.583,1.361
INFO:root:155,0.608,1.267,0.581,1.362
INFO:root:156,0.607,1.271,0.581,1.373
INFO:root:157,0.608,1.268,0.582,1.362
INFO:root:158,0.607,1.271,0.58,1.366
INFO:root:159,0.607,1.27,0.578,1.368
INFO:root:160,0.609,1.262,0.582,1.358
INFO:root:161,0.609,1.265,0.581,1.367
INFO:root:162,0.608,1.265,0.578,1.368
INFO:root:163,0.611,1.259,0.583,1.358
INFO:root:164,0.609,1.263,0.581,1.362
INFO:root:165,0.606,1.274,0.58,1.374
INFO:root:166,0.611,1.255,0.581,1.357
INFO:root:167,0.611,1.259,0.581,1.361
INFO:root:168,0.611,1.258,0.582,1.357
INFO:root:169,0.612,1.254,0.582,1.356
INFO:root:170,0.611,1.256,0.584,1.351
INFO:root:171,0.613,1.249,0.585,1.35
INFO:root:172,0.614,1.247,0.584,1.352
INFO:root:173,0.612,1.255,0.583,1.366
INFO:root:174,0.613,1.248,0.585,1.352
INFO:root:175,0.612,1.253,0.581,1.361
INFO:root:176,0.612,1.25,0.584,1.358
INFO:root:177,0.613,1.249,0.584,1.353
INFO:root:178,0.614,1.247,0.581,1.358
INFO:root:179,0.613,1.248,0.583,1.357
INFO:root:180,0.614,1.246,0.585,1.352
INFO:root:181,0.613,1.247,0.584,1.353
INFO:root:182,0.61,1.257,0.581,1.366
INFO:root:183,0.611,1.255,0.585,1.356
INFO:root:184,0.612,1.252,0.584,1.36
INFO:root:185,0.609,1.262,0.576,1.387
INFO:root:186,0.61,1.258,0.583,1.36
INFO:root:187,0.613,1.246,0.58,1.357
INFO:root:188,0.616,1.24,0.585,1.352
INFO:root:189,0.614,1.243,0.584,1.354
INFO:root:190,0.613,1.247,0.581,1.358
INFO:root:191,0.614,1.242,0.584,1.353
INFO:root:192,0.615,1.243,0.584,1.354
INFO:root:193,0.614,1.243,0.585,1.356
INFO:root:194,0.614,1.243,0.585,1.355
INFO:root:195,0.615,1.242,0.583,1.356
INFO:root:196,0.616,1.239,0.583,1.359
INFO:root:197,0.617,1.235,0.586,1.35
INFO:root:198,0.616,1.236,0.584,1.351
INFO:root:199,0.616,1.239,0.585,1.35
INFO:root:200,0.615,1.238,0.582,1.351
