Epoch,Training Accuracy,Training Loss,Validation Accuracy,Validation Loss
1,0.303,2.676,0.303,2.673
2,0.351,2.409,0.35,2.419
3,0.375,2.295,0.37,2.316
4,0.392,2.202,0.387,2.231
5,0.406,2.134,0.397,2.17
6,0.414,2.101,0.404,2.138
7,0.422,2.06,0.414,2.101
8,0.427,2.034,0.419,2.074
9,0.437,1.998,0.426,2.045
10,0.445,1.971,0.43,2.026
11,0.451,1.944,0.437,2.002
12,0.453,1.925,0.438,1.993
13,0.46,1.907,0.443,1.98
14,0.462,1.891,0.443,1.968
15,0.467,1.874,0.448,1.957
16,0.472,1.855,0.451,1.941
17,0.477,1.842,0.45,1.933
18,0.479,1.833,0.454,1.924
19,0.48,1.828,0.454,1.927
20,0.485,1.806,0.457,1.912
21,0.486,1.797,0.457,1.915
22,0.492,1.777,0.461,1.901
23,0.495,1.768,0.462,1.895
24,0.497,1.759,0.463,1.893
25,0.499,1.751,0.463,1.893
26,0.5,1.747,0.461,1.894
27,0.504,1.736,0.464,1.888
28,0.507,1.72,0.464,1.884
29,0.511,1.709,0.466,1.879
30,0.511,1.706,0.466,1.884
31,0.51,1.71,0.464,1.892
32,0.515,1.692,0.467,1.877
33,0.516,1.686,0.467,1.877
34,0.518,1.679,0.468,1.879
35,0.522,1.668,0.47,1.87
36,0.521,1.669,0.467,1.891
37,0.525,1.658,0.469,1.873
38,0.528,1.645,0.471,1.868
39,0.528,1.648,0.468,1.881
40,0.531,1.636,0.466,1.881
