Epoch,Training Accuracy,Training Loss,Validation Accuracy,Validation Loss
1,0.3,2.685,0.302,2.679
2,0.325,2.544,0.324,2.547
3,0.338,2.478,0.337,2.482
4,0.344,2.437,0.342,2.449
5,0.351,2.407,0.35,2.418
6,0.358,2.382,0.355,2.4
7,0.361,2.361,0.356,2.381
8,0.368,2.344,0.362,2.36
9,0.372,2.328,0.367,2.347
10,0.367,2.326,0.362,2.346
11,0.377,2.302,0.37,2.327
12,0.38,2.288,0.375,2.314
13,0.381,2.281,0.374,2.311
14,0.383,2.267,0.378,2.291
15,0.384,2.259,0.377,2.287
16,0.387,2.249,0.38,2.277
17,0.39,2.241,0.381,2.276
18,0.391,2.229,0.384,2.26
19,0.395,2.219,0.385,2.255
20,0.397,2.218,0.388,2.253
21,0.395,2.211,0.388,2.244
22,0.396,2.207,0.386,2.247
23,0.397,2.198,0.387,2.237
24,0.401,2.19,0.393,2.223
25,0.401,2.187,0.393,2.228
26,0.404,2.178,0.395,2.219
27,0.406,2.168,0.396,2.21
28,0.408,2.159,0.399,2.201
29,0.408,2.155,0.4,2.194
30,0.408,2.154,0.396,2.204
31,0.411,2.144,0.401,2.188
32,0.408,2.147,0.398,2.195
33,0.413,2.135,0.403,2.183
34,0.413,2.132,0.403,2.178
35,0.413,2.127,0.402,2.176
36,0.416,2.125,0.403,2.178
37,0.415,2.123,0.403,2.171
38,0.417,2.116,0.404,2.17
39,0.418,2.114,0.407,2.163
40,0.419,2.111,0.406,2.164
41,0.421,2.104,0.408,2.155
42,0.421,2.101,0.408,2.158
43,0.416,2.116,0.405,2.169
44,0.421,2.097,0.408,2.152
45,0.424,2.089,0.41,2.145
46,0.42,2.095,0.407,2.15
47,0.425,2.082,0.411,2.141
48,0.424,2.085,0.41,2.144
49,0.425,2.081,0.412,2.138
50,0.425,2.079,0.412,2.137
51,0.426,2.074,0.412,2.134
52,0.426,2.075,0.411,2.138
53,0.426,2.072,0.412,2.134
54,0.429,2.069,0.414,2.132
55,0.43,2.062,0.414,2.123
56,0.43,2.063,0.417,2.125
57,0.429,2.06,0.414,2.125
58,0.431,2.056,0.415,2.117
59,0.432,2.05,0.417,2.116
60,0.432,2.051,0.416,2.117
61,0.432,2.052,0.416,2.119
62,0.433,2.046,0.418,2.112
63,0.431,2.048,0.414,2.116
64,0.434,2.043,0.418,2.109
65,0.432,2.049,0.415,2.115
66,0.436,2.036,0.419,2.106
67,0.431,2.045,0.416,2.115
68,0.434,2.038,0.417,2.108
69,0.434,2.038,0.417,2.112
