Epoch,Training Accuracy,Training Loss,Validation Accuracy,Validation Loss
1,0.299,2.685,0.302,2.684
2,0.351,2.413,0.348,2.424
3,0.372,2.287,0.369,2.307
4,0.391,2.216,0.385,2.241
5,0.405,2.135,0.399,2.167
6,0.415,2.096,0.408,2.13
7,0.425,2.05,0.415,2.091
8,0.432,2.016,0.422,2.06
9,0.44,1.987,0.429,2.046
10,0.445,1.972,0.43,2.023
11,0.451,1.942,0.433,2.003
12,0.457,1.919,0.44,1.986
13,0.459,1.908,0.438,1.983
14,0.467,1.879,0.449,1.952
15,0.467,1.873,0.449,1.947
16,0.474,1.847,0.454,1.933
17,0.474,1.849,0.452,1.938
18,0.481,1.819,0.457,1.916
19,0.483,1.811,0.457,1.912
20,0.487,1.801,0.458,1.905
21,0.487,1.794,0.459,1.905
22,0.492,1.778,0.462,1.899
23,0.495,1.765,0.462,1.893
24,0.495,1.771,0.463,1.906
25,0.502,1.743,0.463,1.887
26,0.502,1.733,0.466,1.884
27,0.506,1.73,0.465,1.88
28,0.509,1.714,0.468,1.876
29,0.511,1.705,0.47,1.872
30,0.514,1.699,0.467,1.866
31,0.514,1.695,0.47,1.868
32,0.515,1.692,0.468,1.874
33,0.519,1.68,0.471,1.868
34,0.517,1.686,0.466,1.886
35,0.524,1.662,0.471,1.867
36,0.522,1.66,0.47,1.869
37,0.525,1.653,0.468,1.873
38,0.527,1.649,0.473,1.86
39,0.531,1.637,0.472,1.866
40,0.532,1.63,0.473,1.868
41,0.534,1.623,0.471,1.871
