INFO:root:Epoch,Training Accuracy,Training Loss,Validation Accuracy,Validation Loss
INFO:root:1,0.448,1.948,0.45,1.939
INFO:root:2,0.522,1.627,0.524,1.633
INFO:root:3,0.575,1.435,0.575,1.442
INFO:root:4,0.608,1.31,0.601,1.338
INFO:root:5,0.631,1.222,0.618,1.267
INFO:root:6,0.648,1.16,0.633,1.213
INFO:root:7,0.658,1.125,0.638,1.192
INFO:root:8,0.67,1.075,0.65,1.152
INFO:root:9,0.681,1.04,0.659,1.121
INFO:root:10,0.684,1.023,0.656,1.117
INFO:root:11,0.692,0.992,0.661,1.1
INFO:root:12,0.7,0.966,0.667,1.083
INFO:root:13,0.706,0.946,0.668,1.079
INFO:root:14,0.712,0.925,0.673,1.065
INFO:root:15,0.716,0.91,0.671,1.058
INFO:root:16,0.722,0.891,0.676,1.051
INFO:root:17,0.723,0.887,0.677,1.054
INFO:root:18,0.728,0.867,0.674,1.056
INFO:root:19,0.732,0.855,0.676,1.046
INFO:root:20,0.735,0.843,0.678,1.043
