INFO:root:Epoch,Training Accuracy,Training Loss,Validation Accuracy,Validation Loss
INFO:root:1,0.449,1.922,0.45,1.915
INFO:root:2,0.529,1.597,0.525,1.605
INFO:root:3,0.576,1.422,0.57,1.443
INFO:root:4,0.608,1.308,0.595,1.344
INFO:root:5,0.631,1.219,0.613,1.279
INFO:root:6,0.647,1.158,0.627,1.224
INFO:root:7,0.662,1.103,0.641,1.168
INFO:root:8,0.638,1.185,0.611,1.263
INFO:root:9,0.675,1.057,0.647,1.144
INFO:root:10,0.684,1.025,0.655,1.117
INFO:root:11,0.692,0.995,0.658,1.102
INFO:root:12,0.698,0.971,0.665,1.08
INFO:root:13,0.704,0.952,0.665,1.075
INFO:root:14,0.709,0.933,0.669,1.063
INFO:root:15,0.715,0.913,0.675,1.048
INFO:root:16,0.716,0.906,0.673,1.056
INFO:root:17,0.72,0.894,0.674,1.048
INFO:root:18,0.728,0.869,0.674,1.04
INFO:root:19,0.731,0.858,0.677,1.035
INFO:root:20,0.735,0.845,0.678,1.029
