INFO:root:Epoch,Training Accuracy,Training Loss,Validation Accuracy,Validation Loss
INFO:root:1,0.463,1.79,0.449,1.827
INFO:root:2,0.526,1.587,0.519,1.621
INFO:root:3,0.544,1.49,0.536,1.541
INFO:root:4,0.575,1.4,0.563,1.435
INFO:root:5,0.586,1.356,0.573,1.403
INFO:root:6,0.6,1.317,0.588,1.367
INFO:root:7,0.607,1.28,0.594,1.332
INFO:root:8,0.623,1.223,0.608,1.273
INFO:root:9,0.629,1.205,0.61,1.259
INFO:root:10,0.635,1.192,0.622,1.243
INFO:root:11,0.637,1.184,0.623,1.239
INFO:root:12,0.644,1.152,0.626,1.206
INFO:root:13,0.654,1.118,0.633,1.181
INFO:root:14,0.657,1.104,0.638,1.171
INFO:root:15,0.66,1.099,0.644,1.151
INFO:root:16,0.666,1.079,0.646,1.15
INFO:root:17,0.667,1.07,0.641,1.141
INFO:root:18,0.669,1.063,0.648,1.13
INFO:root:19,0.681,1.027,0.658,1.105
INFO:root:20,0.68,1.026,0.66,1.095
INFO:root:21,0.683,1.019,0.658,1.104
INFO:root:22,0.685,1.014,0.662,1.087
INFO:root:23,0.669,1.059,0.648,1.137
INFO:root:24,0.687,1.005,0.662,1.089
INFO:root:25,0.699,0.965,0.671,1.054
INFO:root:26,0.693,0.986,0.668,1.071
INFO:root:27,0.697,0.966,0.668,1.064
INFO:root:28,0.693,0.983,0.662,1.077
INFO:root:29,0.692,0.984,0.669,1.061
INFO:root:30,0.695,0.972,0.665,1.064
