INFO:root:Epoch,Training Accuracy,Training Loss,Validation Accuracy,Validation Loss
INFO:root:1,0.338,2.406,0.34,2.39
INFO:root:2,0.383,2.15,0.385,2.147
INFO:root:3,0.405,2.058,0.41,2.052
INFO:root:4,0.416,2.004,0.422,1.998
INFO:root:5,0.431,1.949,0.434,1.951
INFO:root:6,0.44,1.914,0.441,1.916
INFO:root:7,0.454,1.865,0.458,1.864
INFO:root:8,0.457,1.838,0.459,1.844
INFO:root:9,0.467,1.804,0.471,1.806
INFO:root:10,0.476,1.773,0.478,1.778
INFO:root:11,0.485,1.739,0.486,1.748
INFO:root:12,0.488,1.721,0.489,1.724
INFO:root:13,0.491,1.695,0.492,1.708
INFO:root:14,0.5,1.669,0.5,1.681
INFO:root:15,0.504,1.657,0.503,1.668
INFO:root:16,0.509,1.636,0.507,1.654
INFO:root:17,0.514,1.615,0.512,1.631
INFO:root:18,0.52,1.599,0.515,1.614
INFO:root:19,0.517,1.599,0.514,1.62
INFO:root:20,0.53,1.563,0.53,1.581
INFO:root:21,0.53,1.555,0.526,1.572
INFO:root:22,0.539,1.528,0.536,1.544
INFO:root:23,0.54,1.52,0.537,1.538
INFO:root:24,0.542,1.511,0.539,1.531
INFO:root:25,0.546,1.496,0.542,1.516
INFO:root:26,0.549,1.485,0.544,1.509
INFO:root:27,0.549,1.48,0.544,1.505
INFO:root:28,0.552,1.475,0.543,1.499
