INFO:root:Epoch,Training Accuracy,Training Loss,Validation Accuracy,Validation Loss
INFO:root:1,0.322,2.438,0.324,2.421
INFO:root:2,0.368,2.194,0.373,2.176
INFO:root:3,0.38,2.096,0.395,2.066
INFO:root:4,0.398,2.028,0.406,2.007
INFO:root:5,0.414,1.972,0.423,1.943
INFO:root:6,0.428,1.934,0.437,1.913
INFO:root:7,0.431,1.904,0.44,1.88
INFO:root:8,0.441,1.871,0.447,1.856
INFO:root:9,0.448,1.842,0.453,1.831
INFO:root:10,0.446,1.832,0.457,1.811
INFO:root:11,0.462,1.786,0.468,1.77
INFO:root:12,0.475,1.75,0.484,1.733
INFO:root:13,0.478,1.734,0.489,1.714
INFO:root:14,0.481,1.721,0.486,1.715
INFO:root:15,0.483,1.711,0.489,1.701
INFO:root:16,0.494,1.678,0.502,1.667
INFO:root:17,0.485,1.681,0.484,1.683
INFO:root:18,0.505,1.635,0.511,1.63
INFO:root:19,0.495,1.656,0.501,1.645
INFO:root:20,0.493,1.655,0.493,1.657
INFO:root:21,0.513,1.603,0.515,1.606
INFO:root:22,0.515,1.596,0.517,1.594
INFO:root:23,0.51,1.606,0.515,1.605
INFO:root:24,0.517,1.585,0.523,1.584
INFO:root:25,0.518,1.583,0.52,1.589
INFO:root:26,0.515,1.589,0.52,1.585
INFO:root:27,0.523,1.564,0.526,1.574
INFO:root:28,0.529,1.542,0.537,1.534
INFO:root:29,0.535,1.522,0.537,1.531
INFO:root:30,0.534,1.524,0.54,1.522
INFO:root:31,0.533,1.523,0.535,1.524
INFO:root:32,0.535,1.517,0.538,1.522
INFO:root:33,0.523,1.556,0.524,1.562
INFO:root:34,0.541,1.493,0.545,1.503
INFO:root:35,0.547,1.481,0.551,1.486
INFO:root:36,0.53,1.535,0.53,1.547
INFO:root:37,0.547,1.473,0.548,1.486
INFO:root:38,0.549,1.468,0.551,1.478
INFO:root:39,0.55,1.464,0.552,1.47
INFO:root:40,0.552,1.452,0.554,1.459
INFO:root:41,0.542,1.478,0.541,1.494
INFO:root:42,0.547,1.476,0.549,1.483
INFO:root:43,0.556,1.442,0.555,1.456
INFO:root:44,0.553,1.448,0.554,1.461
INFO:root:45,0.556,1.436,0.558,1.444
INFO:root:46,0.562,1.42,0.565,1.43
INFO:root:47,0.549,1.468,0.552,1.469
INFO:root:48,0.566,1.406,0.567,1.421
INFO:root:49,0.557,1.44,0.561,1.446
INFO:root:50,0.556,1.429,0.552,1.454
INFO:root:51,0.566,1.403,0.566,1.421
INFO:root:52,0.568,1.391,0.566,1.416
INFO:root:53,0.572,1.382,0.568,1.398
INFO:root:54,0.567,1.403,0.566,1.421
INFO:root:55,0.567,1.401,0.569,1.418
INFO:root:56,0.569,1.393,0.566,1.412
INFO:root:57,0.571,1.386,0.569,1.409
INFO:root:58,0.572,1.384,0.573,1.404
INFO:root:59,0.578,1.363,0.577,1.385
INFO:root:60,0.576,1.371,0.57,1.397
INFO:root:61,0.578,1.362,0.574,1.389
INFO:root:62,0.576,1.368,0.573,1.386
INFO:root:63,0.574,1.375,0.57,1.402
INFO:root:64,0.573,1.376,0.577,1.382
INFO:root:65,0.576,1.372,0.573,1.396
INFO:root:66,0.572,1.378,0.571,1.393
INFO:root:67,0.581,1.347,0.576,1.371
INFO:root:68,0.583,1.346,0.584,1.369
INFO:root:69,0.584,1.335,0.585,1.353
INFO:root:70,0.571,1.381,0.569,1.406
INFO:root:71,0.574,1.371,0.573,1.396
INFO:root:72,0.587,1.331,0.579,1.359
INFO:root:73,0.589,1.32,0.589,1.342
INFO:root:74,0.583,1.347,0.578,1.374
INFO:root:75,0.591,1.317,0.584,1.354
INFO:root:76,0.582,1.339,0.571,1.376
INFO:root:77,0.586,1.33,0.578,1.365
INFO:root:78,0.579,1.346,0.574,1.376
INFO:root:79,0.593,1.308,0.586,1.344
INFO:root:80,0.58,1.361,0.579,1.388
INFO:root:81,0.591,1.319,0.585,1.352
INFO:root:82,0.591,1.315,0.583,1.351
INFO:root:83,0.59,1.313,0.582,1.355
INFO:root:84,0.598,1.293,0.594,1.323
INFO:root:85,0.592,1.314,0.587,1.341
INFO:root:86,0.595,1.302,0.59,1.335
INFO:root:87,0.57,1.389,0.562,1.423
INFO:root:88,0.582,1.348,0.581,1.368
INFO:root:89,0.585,1.334,0.578,1.364
INFO:root:90,0.591,1.317,0.582,1.355
INFO:root:91,0.589,1.324,0.587,1.35
INFO:root:92,0.583,1.343,0.574,1.38
INFO:root:93,0.589,1.317,0.589,1.344
INFO:root:94,0.589,1.324,0.58,1.356
INFO:root:95,0.591,1.314,0.578,1.354
INFO:root:96,0.579,1.354,0.57,1.391
INFO:root:97,0.592,1.309,0.583,1.345
INFO:root:98,0.588,1.324,0.582,1.364
INFO:root:99,0.592,1.31,0.585,1.34
INFO:root:100,0.591,1.312,0.59,1.349
INFO:root:101,0.596,1.301,0.588,1.336
INFO:root:102,0.596,1.295,0.589,1.333
INFO:root:103,0.6,1.283,0.592,1.324
INFO:root:104,0.588,1.325,0.584,1.364
INFO:root:105,0.598,1.29,0.589,1.326
INFO:root:106,0.597,1.297,0.593,1.334
INFO:root:107,0.602,1.277,0.593,1.321
INFO:root:108,0.592,1.306,0.583,1.348
