INFO:root:Epoch,Training Accuracy,Training Loss,Validation Accuracy,Validation Loss
INFO:root:1,0.431,2.005,0.426,2.018
INFO:root:2,0.489,1.732,0.476,1.757
INFO:root:3,0.524,1.597,0.512,1.631
INFO:root:4,0.545,1.512,0.53,1.557
INFO:root:5,0.563,1.443,0.548,1.49
INFO:root:6,0.573,1.401,0.552,1.463
INFO:root:7,0.588,1.35,0.567,1.416
INFO:root:8,0.595,1.324,0.575,1.388
INFO:root:9,0.603,1.294,0.58,1.372
INFO:root:10,0.604,1.279,0.58,1.358
INFO:root:11,0.616,1.246,0.585,1.339
INFO:root:12,0.619,1.234,0.587,1.334
INFO:root:13,0.627,1.204,0.597,1.308
INFO:root:14,0.629,1.194,0.597,1.303
INFO:root:15,0.637,1.171,0.602,1.279
INFO:root:16,0.64,1.16,0.603,1.286
INFO:root:17,0.644,1.146,0.606,1.277
INFO:root:18,0.641,1.157,0.602,1.285
INFO:root:19,0.65,1.127,0.61,1.267
INFO:root:20,0.654,1.112,0.606,1.263
INFO:root:21,0.656,1.104,0.612,1.258
INFO:root:22,0.659,1.09,0.61,1.251
INFO:root:23,0.665,1.074,0.615,1.246
INFO:root:24,0.662,1.078,0.612,1.25
INFO:root:25,0.668,1.062,0.611,1.252
INFO:root:26,0.668,1.062,0.611,1.251
INFO:root:27,0.675,1.04,0.617,1.229
INFO:root:28,0.677,1.034,0.615,1.241
INFO:root:29,0.676,1.033,0.614,1.248
INFO:root:30,0.68,1.02,0.614,1.243
INFO:root:31,0.676,1.034,0.608,1.26
INFO:root:32,0.686,1.004,0.617,1.248
INFO:root:33,0.689,0.996,0.617,1.246
INFO:root:34,0.686,0.999,0.615,1.251
INFO:root:35,0.693,0.982,0.619,1.243
INFO:root:36,0.695,0.975,0.617,1.242
INFO:root:37,0.666,1.059,0.598,1.314
INFO:root:38,0.697,0.966,0.618,1.248
INFO:root:39,0.7,0.96,0.612,1.256
INFO:root:40,0.703,0.949,0.617,1.249
INFO:root:41,0.704,0.945,0.616,1.26
