INFO:root:Epoch,Training Accuracy,Training Loss,Validation Accuracy,Validation Loss
INFO:root:1,0.318,2.487,0.314,2.52
INFO:root:2,0.346,2.285,0.34,2.319
INFO:root:3,0.37,2.199,0.364,2.228
INFO:root:4,0.382,2.147,0.377,2.177
INFO:root:5,0.391,2.115,0.382,2.145
INFO:root:6,0.396,2.092,0.391,2.117
INFO:root:7,0.398,2.064,0.391,2.093
INFO:root:8,0.408,2.039,0.4,2.066
INFO:root:9,0.411,2.024,0.403,2.054
INFO:root:10,0.41,2.018,0.397,2.056
INFO:root:11,0.414,2.005,0.406,2.033
INFO:root:12,0.419,1.993,0.408,2.027
INFO:root:13,0.423,1.978,0.412,2.013
INFO:root:14,0.421,1.976,0.412,2.01
INFO:root:15,0.427,1.953,0.42,1.982
INFO:root:16,0.43,1.948,0.421,1.978
INFO:root:17,0.43,1.947,0.422,1.974
INFO:root:18,0.432,1.933,0.42,1.968
INFO:root:19,0.435,1.92,0.427,1.947
INFO:root:20,0.434,1.919,0.421,1.956
INFO:root:21,0.438,1.908,0.428,1.937
INFO:root:22,0.439,1.902,0.426,1.94
INFO:root:23,0.443,1.893,0.43,1.927
INFO:root:24,0.444,1.881,0.435,1.915
INFO:root:25,0.446,1.879,0.434,1.916
INFO:root:26,0.448,1.874,0.435,1.914
INFO:root:27,0.449,1.867,0.439,1.902
INFO:root:28,0.447,1.866,0.436,1.903
INFO:root:29,0.451,1.857,0.437,1.893
INFO:root:30,0.454,1.849,0.44,1.887
INFO:root:31,0.454,1.849,0.441,1.885
INFO:root:32,0.452,1.846,0.439,1.886
INFO:root:33,0.456,1.836,0.445,1.87
INFO:root:34,0.457,1.833,0.447,1.868
INFO:root:35,0.456,1.831,0.443,1.87
INFO:root:36,0.457,1.826,0.443,1.865
INFO:root:37,0.462,1.813,0.451,1.849
INFO:root:38,0.461,1.814,0.449,1.851
INFO:root:39,0.458,1.824,0.448,1.855
INFO:root:40,0.464,1.812,0.451,1.848
INFO:root:41,0.464,1.8,0.453,1.834
INFO:root:42,0.464,1.801,0.452,1.838
INFO:root:43,0.463,1.798,0.454,1.83
INFO:root:44,0.465,1.796,0.452,1.836
INFO:root:45,0.468,1.791,0.457,1.828
INFO:root:46,0.467,1.787,0.456,1.826
INFO:root:47,0.468,1.785,0.458,1.822
INFO:root:48,0.471,1.78,0.457,1.818
INFO:root:49,0.47,1.777,0.456,1.818
INFO:root:50,0.469,1.781,0.461,1.812
INFO:root:51,0.47,1.775,0.457,1.818
INFO:root:52,0.47,1.768,0.46,1.803
INFO:root:53,0.474,1.763,0.464,1.799
INFO:root:54,0.476,1.76,0.465,1.795
INFO:root:55,0.472,1.762,0.46,1.8
INFO:root:56,0.472,1.768,0.461,1.807
INFO:root:57,0.475,1.76,0.464,1.792
INFO:root:58,0.472,1.757,0.458,1.8
INFO:root:59,0.478,1.747,0.467,1.787
INFO:root:60,0.478,1.746,0.467,1.784
INFO:root:61,0.477,1.746,0.466,1.783
INFO:root:62,0.478,1.74,0.468,1.779
INFO:root:63,0.48,1.736,0.469,1.774
INFO:root:64,0.479,1.741,0.468,1.777
INFO:root:65,0.482,1.731,0.472,1.764
INFO:root:66,0.481,1.732,0.471,1.767
INFO:root:67,0.482,1.728,0.47,1.765
INFO:root:68,0.48,1.728,0.472,1.76
INFO:root:69,0.48,1.73,0.467,1.771
INFO:root:70,0.481,1.728,0.471,1.76
INFO:root:71,0.483,1.723,0.473,1.76
INFO:root:72,0.481,1.726,0.471,1.761
INFO:root:73,0.483,1.72,0.472,1.753
INFO:root:74,0.482,1.722,0.472,1.76
INFO:root:75,0.482,1.72,0.471,1.76
INFO:root:76,0.485,1.714,0.475,1.751
INFO:root:77,0.486,1.712,0.477,1.75
INFO:root:78,0.486,1.706,0.476,1.744
INFO:root:79,0.485,1.71,0.472,1.75
INFO:root:80,0.483,1.722,0.473,1.757
INFO:root:81,0.487,1.705,0.475,1.745
INFO:root:82,0.488,1.701,0.476,1.74
INFO:root:83,0.487,1.704,0.477,1.739
INFO:root:84,0.488,1.7,0.477,1.739
INFO:root:85,0.489,1.694,0.478,1.732
INFO:root:86,0.492,1.692,0.48,1.728
INFO:root:87,0.489,1.696,0.479,1.732
INFO:root:88,0.489,1.696,0.478,1.739
INFO:root:89,0.49,1.691,0.478,1.733
INFO:root:90,0.49,1.69,0.479,1.726
INFO:root:91,0.491,1.687,0.479,1.729
INFO:root:92,0.489,1.695,0.481,1.732
INFO:root:93,0.492,1.683,0.482,1.719
INFO:root:94,0.493,1.681,0.48,1.719
INFO:root:95,0.493,1.691,0.481,1.728
INFO:root:96,0.487,1.696,0.477,1.733
INFO:root:97,0.491,1.69,0.482,1.726
INFO:root:98,0.495,1.675,0.484,1.714
INFO:root:99,0.492,1.68,0.481,1.72
INFO:root:100,0.494,1.675,0.482,1.713
INFO:root:101,0.493,1.681,0.483,1.72
INFO:root:102,0.496,1.668,0.485,1.708
INFO:root:103,0.495,1.673,0.485,1.709
INFO:root:104,0.494,1.674,0.479,1.716
INFO:root:105,0.495,1.671,0.484,1.711
INFO:root:106,0.496,1.665,0.486,1.702
INFO:root:107,0.498,1.662,0.488,1.703
INFO:root:108,0.495,1.667,0.482,1.712
INFO:root:109,0.495,1.668,0.483,1.708
INFO:root:110,0.497,1.666,0.484,1.709
INFO:root:111,0.498,1.66,0.484,1.706
INFO:root:112,0.496,1.664,0.484,1.705
INFO:root:113,0.499,1.657,0.486,1.698
INFO:root:114,0.498,1.658,0.488,1.699
INFO:root:115,0.494,1.672,0.486,1.706
INFO:root:116,0.5,1.656,0.487,1.7
INFO:root:117,0.499,1.653,0.489,1.692
INFO:root:118,0.499,1.652,0.488,1.691
INFO:root:119,0.498,1.659,0.486,1.703
INFO:root:120,0.497,1.663,0.484,1.703
INFO:root:121,0.5,1.654,0.488,1.695
INFO:root:122,0.499,1.656,0.483,1.705
INFO:root:123,0.5,1.648,0.487,1.69
INFO:root:124,0.501,1.644,0.491,1.687
INFO:root:125,0.501,1.647,0.49,1.687
INFO:root:126,0.501,1.65,0.493,1.688
INFO:root:127,0.495,1.66,0.48,1.708
INFO:root:128,0.499,1.654,0.488,1.692
INFO:root:129,0.497,1.658,0.485,1.706
INFO:root:130,0.502,1.642,0.494,1.682
INFO:root:131,0.504,1.639,0.493,1.682
INFO:root:132,0.504,1.639,0.491,1.683
INFO:root:133,0.503,1.642,0.492,1.683
INFO:root:134,0.501,1.645,0.488,1.692
INFO:root:135,0.503,1.64,0.494,1.681
INFO:root:136,0.504,1.639,0.494,1.68
INFO:root:137,0.503,1.637,0.491,1.678
INFO:root:138,0.504,1.635,0.494,1.675
INFO:root:139,0.503,1.638,0.493,1.68
INFO:root:140,0.505,1.632,0.494,1.674
INFO:root:141,0.505,1.633,0.493,1.675
INFO:root:142,0.504,1.634,0.496,1.677
INFO:root:143,0.505,1.633,0.494,1.677
INFO:root:144,0.503,1.635,0.492,1.679
INFO:root:145,0.506,1.627,0.493,1.671
INFO:root:146,0.506,1.628,0.494,1.672
INFO:root:147,0.502,1.641,0.495,1.678
INFO:root:148,0.506,1.628,0.497,1.667
INFO:root:149,0.504,1.631,0.493,1.678
INFO:root:150,0.505,1.628,0.495,1.67
INFO:root:151,0.507,1.624,0.494,1.669
INFO:root:152,0.504,1.633,0.495,1.672
INFO:root:153,0.506,1.628,0.493,1.675
INFO:root:154,0.504,1.634,0.492,1.68
INFO:root:155,0.506,1.628,0.495,1.67
INFO:root:156,0.507,1.625,0.493,1.673
INFO:root:157,0.506,1.625,0.494,1.671
INFO:root:158,0.508,1.622,0.497,1.665
INFO:root:159,0.509,1.616,0.498,1.658
INFO:root:160,0.504,1.631,0.493,1.673
INFO:root:161,0.503,1.634,0.49,1.678
INFO:root:162,0.508,1.616,0.496,1.661
INFO:root:163,0.507,1.623,0.494,1.665
INFO:root:164,0.509,1.617,0.497,1.662
INFO:root:165,0.506,1.625,0.496,1.664
INFO:root:166,0.51,1.616,0.497,1.662
INFO:root:167,0.507,1.62,0.494,1.665
INFO:root:168,0.508,1.616,0.499,1.659
INFO:root:169,0.508,1.626,0.496,1.668
INFO:root:170,0.507,1.621,0.495,1.665
INFO:root:171,0.508,1.617,0.496,1.668
INFO:root:172,0.509,1.616,0.498,1.663
INFO:root:173,0.509,1.618,0.501,1.655
INFO:root:174,0.511,1.609,0.498,1.651
INFO:root:175,0.51,1.609,0.496,1.657
INFO:root:176,0.51,1.615,0.497,1.657
INFO:root:177,0.508,1.619,0.498,1.66
INFO:root:178,0.51,1.61,0.498,1.656
INFO:root:179,0.508,1.621,0.495,1.67
INFO:root:180,0.506,1.626,0.492,1.673
INFO:root:181,0.51,1.608,0.495,1.659
INFO:root:182,0.511,1.608,0.5,1.653
INFO:root:183,0.508,1.614,0.495,1.659
INFO:root:184,0.51,1.61,0.498,1.66
INFO:root:185,0.512,1.604,0.503,1.646
INFO:root:186,0.511,1.606,0.499,1.652
INFO:root:187,0.511,1.608,0.501,1.654
INFO:root:188,0.512,1.612,0.502,1.655
INFO:root:189,0.51,1.612,0.498,1.66
INFO:root:190,0.513,1.604,0.5,1.651
INFO:root:191,0.508,1.616,0.497,1.665
INFO:root:192,0.512,1.602,0.5,1.649
INFO:root:193,0.509,1.617,0.494,1.67
INFO:root:194,0.508,1.619,0.493,1.67
INFO:root:195,0.512,1.603,0.499,1.651
INFO:root:196,0.509,1.609,0.496,1.658
INFO:root:197,0.513,1.599,0.499,1.648
INFO:root:198,0.513,1.597,0.502,1.644
INFO:root:199,0.512,1.605,0.498,1.652
INFO:root:200,0.51,1.608,0.498,1.654
INFO:root:201,0.507,1.615,0.494,1.665
INFO:root:202,0.514,1.597,0.504,1.642
INFO:root:203,0.509,1.608,0.496,1.661
INFO:root:204,0.513,1.599,0.5,1.649
INFO:root:205,0.513,1.599,0.5,1.647
INFO:root:206,0.515,1.595,0.501,1.642
INFO:root:207,0.514,1.595,0.501,1.643
INFO:root:208,0.512,1.597,0.503,1.639
INFO:root:209,0.513,1.601,0.499,1.646
INFO:root:210,0.513,1.597,0.502,1.64
INFO:root:211,0.514,1.593,0.504,1.638
INFO:root:212,0.512,1.598,0.502,1.642
INFO:root:213,0.514,1.595,0.502,1.641
INFO:root:214,0.514,1.595,0.502,1.644
INFO:root:215,0.513,1.596,0.501,1.64
INFO:root:216,0.514,1.594,0.501,1.637
INFO:root:217,0.515,1.593,0.505,1.637
INFO:root:218,0.515,1.591,0.504,1.636
INFO:root:219,0.514,1.595,0.502,1.643
INFO:root:220,0.511,1.598,0.496,1.647
INFO:root:221,0.513,1.601,0.499,1.65
INFO:root:222,0.513,1.599,0.5,1.646
INFO:root:223,0.515,1.591,0.503,1.641
INFO:root:224,0.513,1.593,0.501,1.644
INFO:root:225,0.513,1.606,0.5,1.658
INFO:root:226,0.516,1.584,0.503,1.633
INFO:root:227,0.515,1.589,0.504,1.633
INFO:root:228,0.513,1.595,0.501,1.646
INFO:root:229,0.517,1.585,0.505,1.633
INFO:root:230,0.511,1.601,0.494,1.655
INFO:root:231,0.514,1.595,0.5,1.648
INFO:root:232,0.515,1.592,0.501,1.643
INFO:root:233,0.517,1.59,0.503,1.642
INFO:root:234,0.516,1.588,0.502,1.636
INFO:root:235,0.517,1.583,0.505,1.629
INFO:root:236,0.515,1.593,0.505,1.64
INFO:root:237,0.515,1.584,0.505,1.632
INFO:root:238,0.519,1.576,0.507,1.626
INFO:root:239,0.518,1.582,0.507,1.63
INFO:root:240,0.516,1.586,0.502,1.632
INFO:root:241,0.516,1.591,0.505,1.642
INFO:root:242,0.516,1.586,0.504,1.634
INFO:root:243,0.518,1.58,0.506,1.626
INFO:root:244,0.517,1.581,0.505,1.628
INFO:root:245,0.514,1.593,0.501,1.645
INFO:root:246,0.517,1.583,0.506,1.631
INFO:root:247,0.516,1.591,0.5,1.639
INFO:root:248,0.514,1.589,0.5,1.639
INFO:root:249,0.516,1.581,0.504,1.631
INFO:root:250,0.516,1.588,0.502,1.641
