INFO:root:Epoch,Training Accuracy,Training Loss,Validation Accuracy,Validation Loss
INFO:root:1,0.455,1.887,0.455,1.89
INFO:root:2,0.491,1.73,0.486,1.733
INFO:root:3,0.5,1.673,0.499,1.672
INFO:root:4,0.509,1.634,0.503,1.635
INFO:root:5,0.513,1.61,0.508,1.612
INFO:root:6,0.522,1.587,0.516,1.591
INFO:root:7,0.523,1.576,0.516,1.584
INFO:root:8,0.528,1.566,0.522,1.57
INFO:root:9,0.531,1.555,0.523,1.567
INFO:root:10,0.53,1.543,0.523,1.551
INFO:root:11,0.529,1.544,0.525,1.549
INFO:root:12,0.536,1.524,0.53,1.533
INFO:root:13,0.537,1.517,0.527,1.532
INFO:root:14,0.54,1.503,0.534,1.515
INFO:root:15,0.542,1.495,0.534,1.506
INFO:root:16,0.547,1.483,0.54,1.494
INFO:root:17,0.551,1.477,0.542,1.49
INFO:root:18,0.549,1.47,0.541,1.484
INFO:root:19,0.546,1.473,0.541,1.481
INFO:root:20,0.554,1.455,0.546,1.466
INFO:root:21,0.556,1.447,0.549,1.457
INFO:root:22,0.554,1.446,0.547,1.458
INFO:root:23,0.556,1.444,0.546,1.46
INFO:root:24,0.558,1.437,0.549,1.449
INFO:root:25,0.562,1.428,0.553,1.443
INFO:root:26,0.56,1.434,0.551,1.45
INFO:root:27,0.562,1.42,0.555,1.433
INFO:root:28,0.554,1.44,0.544,1.459
INFO:root:29,0.567,1.408,0.558,1.422
INFO:root:30,0.565,1.409,0.557,1.421
INFO:root:31,0.568,1.4,0.563,1.413
INFO:root:32,0.563,1.405,0.558,1.415
INFO:root:33,0.566,1.402,0.558,1.414
INFO:root:34,0.571,1.389,0.562,1.406
INFO:root:35,0.57,1.392,0.561,1.41
INFO:root:36,0.571,1.386,0.561,1.4
INFO:root:37,0.566,1.399,0.558,1.411
INFO:root:38,0.571,1.382,0.561,1.4
INFO:root:39,0.575,1.375,0.565,1.393
INFO:root:40,0.576,1.368,0.566,1.386
INFO:root:41,0.574,1.373,0.564,1.392
INFO:root:42,0.577,1.365,0.568,1.38
INFO:root:43,0.576,1.363,0.568,1.376
INFO:root:44,0.574,1.368,0.566,1.383
INFO:root:45,0.576,1.361,0.567,1.373
INFO:root:46,0.576,1.357,0.568,1.371
INFO:root:47,0.577,1.362,0.569,1.378
INFO:root:48,0.579,1.353,0.568,1.369
INFO:root:49,0.581,1.344,0.573,1.362
INFO:root:50,0.576,1.359,0.568,1.372
INFO:root:51,0.575,1.355,0.569,1.366
INFO:root:52,0.581,1.343,0.574,1.354
INFO:root:53,0.581,1.341,0.572,1.361
INFO:root:54,0.582,1.338,0.572,1.358
INFO:root:55,0.577,1.348,0.567,1.367
INFO:root:56,0.583,1.333,0.576,1.35
INFO:root:57,0.584,1.329,0.577,1.347
INFO:root:58,0.586,1.323,0.577,1.338
INFO:root:59,0.585,1.327,0.576,1.344
INFO:root:60,0.588,1.319,0.579,1.337
INFO:root:61,0.587,1.32,0.579,1.336
INFO:root:62,0.588,1.315,0.579,1.335
INFO:root:63,0.587,1.314,0.58,1.331
INFO:root:64,0.59,1.31,0.581,1.328
INFO:root:65,0.583,1.329,0.574,1.347
INFO:root:66,0.589,1.314,0.58,1.333
INFO:root:67,0.588,1.309,0.58,1.325
INFO:root:68,0.59,1.304,0.579,1.324
INFO:root:69,0.592,1.301,0.584,1.318
INFO:root:70,0.584,1.32,0.576,1.338
INFO:root:71,0.588,1.31,0.582,1.323
INFO:root:72,0.592,1.3,0.583,1.318
INFO:root:73,0.59,1.304,0.582,1.32
INFO:root:74,0.594,1.295,0.583,1.315
INFO:root:75,0.592,1.297,0.583,1.314
INFO:root:76,0.593,1.295,0.586,1.31
INFO:root:77,0.593,1.296,0.583,1.31
INFO:root:78,0.593,1.297,0.584,1.315
INFO:root:79,0.591,1.301,0.584,1.314
INFO:root:80,0.592,1.293,0.585,1.308
INFO:root:81,0.595,1.287,0.585,1.307
INFO:root:82,0.595,1.288,0.585,1.307
INFO:root:83,0.594,1.284,0.585,1.301
INFO:root:84,0.593,1.294,0.582,1.315
INFO:root:85,0.593,1.287,0.585,1.305
INFO:root:86,0.591,1.3,0.582,1.315
INFO:root:87,0.595,1.286,0.584,1.305
INFO:root:88,0.594,1.286,0.587,1.306
INFO:root:89,0.594,1.287,0.586,1.304
INFO:root:90,0.595,1.281,0.586,1.301
INFO:root:91,0.596,1.281,0.585,1.304
INFO:root:92,0.598,1.274,0.588,1.294
INFO:root:93,0.599,1.272,0.587,1.296
INFO:root:94,0.596,1.28,0.585,1.307
INFO:root:95,0.598,1.275,0.59,1.293
INFO:root:96,0.599,1.27,0.589,1.289
INFO:root:97,0.593,1.29,0.586,1.304
INFO:root:98,0.596,1.275,0.588,1.288
INFO:root:99,0.6,1.268,0.592,1.286
INFO:root:100,0.6,1.265,0.592,1.283
INFO:root:101,0.601,1.264,0.591,1.283
INFO:root:102,0.603,1.258,0.594,1.278
INFO:root:103,0.597,1.272,0.59,1.294
INFO:root:104,0.602,1.26,0.592,1.281
INFO:root:105,0.599,1.266,0.593,1.279
INFO:root:106,0.597,1.269,0.588,1.293
INFO:root:107,0.601,1.261,0.595,1.277
INFO:root:108,0.6,1.26,0.591,1.28
INFO:root:109,0.601,1.266,0.59,1.289
INFO:root:110,0.604,1.253,0.595,1.273
INFO:root:111,0.605,1.251,0.593,1.271
INFO:root:112,0.603,1.253,0.595,1.27
INFO:root:113,0.603,1.256,0.595,1.273
INFO:root:114,0.604,1.253,0.591,1.276
INFO:root:115,0.604,1.254,0.594,1.274
INFO:root:116,0.606,1.247,0.596,1.268
INFO:root:117,0.599,1.262,0.591,1.276
INFO:root:118,0.606,1.249,0.595,1.271
INFO:root:119,0.604,1.249,0.598,1.265
INFO:root:120,0.603,1.252,0.597,1.264
INFO:root:121,0.606,1.245,0.597,1.268
INFO:root:122,0.604,1.247,0.594,1.267
INFO:root:123,0.603,1.253,0.594,1.274
INFO:root:124,0.605,1.245,0.596,1.26
INFO:root:125,0.607,1.239,0.598,1.258
INFO:root:126,0.605,1.246,0.596,1.264
INFO:root:127,0.608,1.235,0.601,1.254
INFO:root:128,0.604,1.246,0.595,1.269
INFO:root:129,0.604,1.245,0.594,1.261
INFO:root:130,0.603,1.255,0.595,1.272
INFO:root:131,0.604,1.251,0.594,1.271
INFO:root:132,0.604,1.246,0.594,1.267
INFO:root:133,0.609,1.238,0.6,1.26
INFO:root:134,0.608,1.238,0.599,1.257
INFO:root:135,0.609,1.234,0.601,1.255
INFO:root:136,0.61,1.232,0.6,1.253
INFO:root:137,0.607,1.239,0.596,1.26
INFO:root:138,0.605,1.247,0.596,1.27
INFO:root:139,0.612,1.225,0.605,1.244
INFO:root:140,0.612,1.226,0.602,1.246
INFO:root:141,0.609,1.235,0.605,1.25
INFO:root:142,0.611,1.229,0.603,1.249
INFO:root:143,0.612,1.225,0.601,1.247
INFO:root:144,0.611,1.227,0.602,1.245
INFO:root:145,0.609,1.229,0.599,1.252
INFO:root:146,0.609,1.231,0.6,1.251
INFO:root:147,0.613,1.221,0.603,1.244
INFO:root:148,0.608,1.23,0.599,1.252
INFO:root:149,0.612,1.224,0.603,1.243
INFO:root:150,0.613,1.223,0.603,1.243
INFO:root:151,0.612,1.222,0.602,1.244
INFO:root:152,0.612,1.224,0.603,1.244
INFO:root:153,0.611,1.227,0.602,1.245
INFO:root:154,0.608,1.23,0.597,1.25
INFO:root:155,0.612,1.221,0.6,1.241
INFO:root:156,0.609,1.225,0.6,1.246
INFO:root:157,0.611,1.223,0.6,1.245
INFO:root:158,0.611,1.226,0.6,1.25
INFO:root:159,0.613,1.216,0.605,1.235
INFO:root:160,0.61,1.231,0.603,1.251
INFO:root:161,0.612,1.221,0.602,1.241
INFO:root:162,0.614,1.216,0.603,1.239
INFO:root:163,0.614,1.215,0.603,1.239
INFO:root:164,0.614,1.216,0.603,1.24
INFO:root:165,0.614,1.217,0.605,1.241
INFO:root:166,0.615,1.213,0.607,1.232
INFO:root:167,0.613,1.22,0.601,1.244
INFO:root:168,0.611,1.224,0.599,1.25
INFO:root:169,0.614,1.214,0.602,1.238
INFO:root:170,0.615,1.209,0.607,1.232
INFO:root:171,0.609,1.227,0.601,1.246
INFO:root:172,0.613,1.217,0.605,1.234
INFO:root:173,0.613,1.217,0.603,1.237
INFO:root:174,0.612,1.218,0.603,1.233
INFO:root:175,0.609,1.22,0.599,1.242
INFO:root:176,0.615,1.211,0.605,1.237
INFO:root:177,0.614,1.213,0.608,1.233
INFO:root:178,0.616,1.21,0.608,1.229
INFO:root:179,0.613,1.216,0.6,1.243
INFO:root:180,0.612,1.216,0.601,1.24
INFO:root:181,0.614,1.211,0.605,1.231
INFO:root:182,0.614,1.214,0.602,1.243
INFO:root:183,0.614,1.213,0.601,1.241
INFO:root:184,0.615,1.211,0.605,1.231
INFO:root:185,0.615,1.21,0.603,1.235
INFO:root:186,0.617,1.207,0.609,1.227
INFO:root:187,0.616,1.207,0.608,1.227
INFO:root:188,0.616,1.209,0.605,1.234
INFO:root:189,0.614,1.214,0.605,1.232
INFO:root:190,0.614,1.207,0.607,1.23
INFO:root:191,0.619,1.198,0.61,1.22
INFO:root:192,0.615,1.205,0.604,1.229
INFO:root:193,0.617,1.204,0.606,1.23
INFO:root:194,0.617,1.201,0.608,1.223
INFO:root:195,0.618,1.199,0.608,1.224
INFO:root:196,0.614,1.207,0.608,1.229
INFO:root:197,0.617,1.202,0.608,1.225
INFO:root:198,0.615,1.209,0.608,1.229
INFO:root:199,0.618,1.202,0.608,1.225
INFO:root:200,0.62,1.195,0.612,1.215
INFO:root:201,0.616,1.206,0.605,1.234
INFO:root:202,0.616,1.204,0.607,1.229
INFO:root:203,0.614,1.21,0.606,1.23
INFO:root:204,0.616,1.206,0.604,1.232
INFO:root:205,0.619,1.195,0.61,1.217
INFO:root:206,0.616,1.202,0.606,1.226
INFO:root:207,0.617,1.2,0.607,1.226
INFO:root:208,0.617,1.202,0.607,1.225
INFO:root:209,0.615,1.21,0.602,1.239
INFO:root:210,0.614,1.211,0.603,1.236
INFO:root:211,0.615,1.214,0.603,1.239
INFO:root:212,0.617,1.2,0.607,1.226
INFO:root:213,0.613,1.211,0.608,1.228
INFO:root:214,0.615,1.208,0.607,1.229
INFO:root:215,0.619,1.196,0.61,1.216
INFO:root:216,0.617,1.201,0.607,1.227
INFO:root:217,0.617,1.199,0.609,1.218
INFO:root:218,0.618,1.199,0.608,1.22
INFO:root:219,0.616,1.203,0.605,1.225
INFO:root:220,0.618,1.197,0.611,1.217
INFO:root:221,0.619,1.197,0.61,1.218
INFO:root:222,0.62,1.192,0.61,1.216
INFO:root:223,0.617,1.203,0.608,1.223
INFO:root:224,0.62,1.192,0.61,1.217
INFO:root:225,0.619,1.193,0.61,1.217
INFO:root:226,0.618,1.198,0.611,1.224
INFO:root:227,0.619,1.198,0.61,1.225
INFO:root:228,0.618,1.198,0.609,1.222
INFO:root:229,0.619,1.196,0.611,1.218
INFO:root:230,0.617,1.196,0.609,1.216
INFO:root:231,0.62,1.191,0.61,1.219
INFO:root:232,0.621,1.19,0.611,1.214
INFO:root:233,0.619,1.195,0.61,1.215
INFO:root:234,0.619,1.196,0.609,1.224
INFO:root:235,0.622,1.186,0.611,1.21
INFO:root:236,0.616,1.206,0.608,1.228
INFO:root:237,0.619,1.189,0.609,1.215
INFO:root:238,0.62,1.192,0.609,1.218
INFO:root:239,0.619,1.196,0.612,1.219
INFO:root:240,0.621,1.189,0.612,1.212
INFO:root:241,0.621,1.19,0.611,1.212
INFO:root:242,0.62,1.188,0.612,1.212
INFO:root:243,0.619,1.196,0.607,1.223
INFO:root:244,0.618,1.195,0.613,1.216
INFO:root:245,0.619,1.192,0.611,1.218
INFO:root:246,0.619,1.193,0.612,1.217
INFO:root:247,0.622,1.186,0.613,1.207
INFO:root:248,0.619,1.19,0.608,1.217
INFO:root:249,0.618,1.193,0.609,1.214
INFO:root:250,0.62,1.19,0.611,1.215
