Epoch,Training Accuracy,Training Loss,Validation Accuracy,Validation Loss
1,0.273,2.793,0.276,2.779
2,0.316,2.501,0.318,2.493
3,0.341,2.372,0.344,2.362
4,0.361,2.285,0.363,2.275
5,0.372,2.235,0.371,2.233
6,0.388,2.171,0.388,2.167
7,0.394,2.144,0.393,2.144
8,0.404,2.103,0.402,2.102
9,0.412,2.084,0.414,2.082
10,0.419,2.042,0.42,2.042
11,0.421,2.025,0.42,2.03
12,0.428,2.0,0.428,2.007
13,0.435,1.972,0.434,1.979
14,0.438,1.954,0.437,1.962
15,0.444,1.941,0.444,1.945
16,0.446,1.929,0.447,1.935
17,0.45,1.909,0.45,1.922
18,0.454,1.892,0.454,1.9
19,0.458,1.88,0.457,1.893
20,0.463,1.865,0.462,1.878
21,0.468,1.849,0.469,1.861
22,0.469,1.84,0.465,1.855
23,0.471,1.833,0.471,1.845
24,0.474,1.822,0.471,1.838
25,0.478,1.809,0.477,1.822
26,0.479,1.8,0.476,1.82
27,0.482,1.798,0.48,1.812
28,0.484,1.79,0.479,1.81
29,0.486,1.774,0.482,1.794
30,0.491,1.76,0.487,1.778
31,0.489,1.769,0.482,1.794
32,0.492,1.754,0.487,1.773
33,0.494,1.743,0.49,1.764
34,0.498,1.738,0.493,1.76
35,0.497,1.733,0.493,1.753
36,0.5,1.721,0.493,1.747
37,0.502,1.718,0.495,1.744
38,0.503,1.714,0.495,1.742
39,0.502,1.714,0.499,1.734
40,0.505,1.701,0.497,1.726
41,0.506,1.7,0.503,1.72
42,0.5,1.709,0.497,1.727
43,0.511,1.683,0.505,1.711
44,0.511,1.676,0.506,1.701
45,0.51,1.682,0.505,1.706
46,0.51,1.681,0.502,1.713
47,0.513,1.67,0.506,1.7
48,0.512,1.672,0.503,1.7
49,0.517,1.657,0.51,1.684
50,0.517,1.655,0.51,1.684
51,0.516,1.658,0.508,1.689
52,0.516,1.652,0.508,1.685
53,0.516,1.657,0.508,1.691
54,0.518,1.649,0.511,1.682
55,0.518,1.648,0.51,1.68
56,0.521,1.636,0.513,1.667
57,0.523,1.63,0.512,1.667
58,0.519,1.648,0.512,1.681
59,0.521,1.629,0.512,1.665
60,0.524,1.628,0.514,1.664
61,0.525,1.621,0.517,1.657
62,0.527,1.615,0.517,1.653
63,0.523,1.632,0.513,1.67
64,0.527,1.613,0.518,1.651
65,0.528,1.615,0.519,1.653
66,0.527,1.615,0.517,1.655
67,0.53,1.604,0.52,1.644
68,0.528,1.61,0.517,1.651
69,0.527,1.609,0.518,1.65
70,0.53,1.603,0.52,1.645
71,0.533,1.593,0.523,1.633
72,0.531,1.598,0.521,1.638
73,0.53,1.597,0.519,1.64
74,0.533,1.594,0.522,1.637
75,0.534,1.585,0.524,1.627
76,0.533,1.592,0.524,1.631
77,0.534,1.584,0.525,1.625
78,0.533,1.586,0.523,1.629
79,0.537,1.576,0.526,1.617
80,0.537,1.576,0.527,1.618
81,0.537,1.574,0.526,1.618
82,0.535,1.58,0.523,1.631
83,0.537,1.574,0.525,1.62
84,0.539,1.567,0.529,1.613
85,0.537,1.574,0.526,1.618
86,0.54,1.56,0.529,1.606
87,0.539,1.567,0.529,1.615
88,0.536,1.571,0.524,1.618
89,0.538,1.572,0.528,1.62
90,0.536,1.575,0.522,1.629
