Epoch,Training Accuracy,Training Loss,Validation Accuracy,Validation Loss
1,0.292,2.689,0.294,2.685
2,0.32,2.547,0.317,2.551
3,0.336,2.489,0.334,2.498
4,0.348,2.44,0.347,2.447
5,0.35,2.41,0.346,2.425
6,0.359,2.382,0.356,2.395
7,0.361,2.366,0.358,2.382
8,0.366,2.343,0.362,2.362
9,0.371,2.33,0.365,2.351
10,0.374,2.31,0.368,2.332
11,0.375,2.3,0.369,2.328
12,0.374,2.296,0.368,2.318
13,0.383,2.277,0.377,2.301
14,0.38,2.277,0.375,2.303
15,0.387,2.255,0.38,2.285
16,0.388,2.245,0.382,2.275
17,0.392,2.238,0.384,2.271
18,0.392,2.231,0.385,2.265
19,0.394,2.221,0.386,2.256
20,0.396,2.214,0.387,2.253
21,0.396,2.207,0.387,2.243
22,0.399,2.202,0.389,2.241
23,0.4,2.196,0.391,2.233
24,0.402,2.187,0.393,2.222
25,0.401,2.186,0.392,2.221
26,0.403,2.18,0.394,2.223
27,0.401,2.177,0.393,2.214
28,0.406,2.165,0.396,2.207
29,0.406,2.162,0.397,2.203
30,0.41,2.15,0.4,2.194
31,0.409,2.151,0.398,2.195
32,0.41,2.143,0.399,2.19
33,0.411,2.139,0.399,2.185
34,0.414,2.132,0.401,2.18
35,0.414,2.129,0.404,2.176
36,0.412,2.131,0.4,2.177
37,0.414,2.129,0.404,2.177
38,0.418,2.113,0.405,2.166
39,0.411,2.131,0.399,2.178
40,0.417,2.114,0.405,2.166
41,0.419,2.11,0.405,2.162
42,0.42,2.103,0.409,2.153
43,0.42,2.099,0.407,2.156
44,0.421,2.1,0.407,2.159
45,0.422,2.093,0.408,2.153
46,0.423,2.088,0.41,2.145
47,0.424,2.089,0.411,2.148
48,0.425,2.082,0.412,2.14
49,0.424,2.083,0.409,2.145
50,0.421,2.087,0.406,2.144
51,0.425,2.076,0.411,2.138
52,0.428,2.07,0.414,2.13
53,0.424,2.078,0.41,2.14
54,0.427,2.069,0.412,2.13
55,0.427,2.068,0.412,2.129
56,0.428,2.065,0.413,2.131
57,0.429,2.061,0.413,2.126
58,0.429,2.064,0.416,2.129
59,0.428,2.059,0.413,2.121
60,0.43,2.054,0.414,2.122
61,0.432,2.048,0.415,2.118
62,0.429,2.055,0.413,2.124
