Epoch,Training Accuracy,Training Loss,Validation Accuracy,Validation Loss
1,0.36,2.372,0.365,2.358
2,0.394,2.224,0.392,2.224
3,0.411,2.135,0.411,2.139
4,0.422,2.087,0.42,2.095
5,0.43,2.044,0.426,2.06
6,0.439,2.016,0.435,2.032
7,0.442,1.993,0.439,2.01
8,0.45,1.969,0.446,1.989
9,0.45,1.949,0.446,1.969
10,0.458,1.93,0.453,1.954
11,0.458,1.921,0.454,1.944
12,0.463,1.9,0.458,1.922
13,0.466,1.886,0.461,1.913
14,0.471,1.873,0.464,1.9
15,0.472,1.862,0.465,1.89
16,0.475,1.849,0.467,1.882
17,0.478,1.839,0.469,1.871
18,0.48,1.829,0.475,1.861
19,0.481,1.825,0.475,1.856
20,0.482,1.816,0.474,1.85
21,0.485,1.809,0.476,1.845
22,0.487,1.797,0.479,1.837
23,0.491,1.789,0.483,1.824
24,0.492,1.782,0.482,1.824
25,0.487,1.783,0.479,1.821
26,0.495,1.768,0.486,1.806
27,0.495,1.766,0.486,1.809
28,0.497,1.761,0.486,1.803
29,0.499,1.749,0.488,1.796
30,0.501,1.744,0.491,1.787
31,0.5,1.746,0.491,1.795
32,0.503,1.734,0.493,1.782
33,0.502,1.734,0.491,1.783
34,0.504,1.728,0.49,1.778
35,0.507,1.716,0.496,1.764
36,0.506,1.718,0.495,1.769
37,0.507,1.714,0.496,1.765
38,0.511,1.704,0.499,1.756
39,0.51,1.703,0.498,1.753
40,0.511,1.7,0.498,1.752
41,0.513,1.694,0.5,1.748
42,0.511,1.694,0.498,1.75
43,0.514,1.69,0.5,1.746
44,0.513,1.686,0.5,1.747
45,0.516,1.678,0.503,1.735
46,0.516,1.678,0.503,1.738
47,0.517,1.673,0.503,1.734
48,0.519,1.669,0.505,1.73
49,0.518,1.67,0.504,1.734
50,0.518,1.668,0.504,1.733
51,0.516,1.671,0.502,1.736
52,0.521,1.659,0.506,1.724
53,0.522,1.655,0.508,1.715
54,0.522,1.651,0.508,1.715
55,0.52,1.655,0.504,1.722
