INFO:root:Epoch,Training Accuracy,Training Loss,Validation Accuracy,Validation Loss
INFO:root:1,0.447,1.942,0.449,1.938
INFO:root:2,0.523,1.618,0.528,1.612
INFO:root:3,0.569,1.442,0.569,1.442
INFO:root:4,0.609,1.31,0.613,1.307
INFO:root:5,0.626,1.238,0.628,1.246
INFO:root:6,0.647,1.161,0.644,1.177
INFO:root:7,0.658,1.122,0.651,1.153
INFO:root:8,0.672,1.071,0.665,1.099
INFO:root:9,0.68,1.04,0.67,1.077
INFO:root:10,0.676,1.054,0.662,1.095
INFO:root:11,0.693,0.993,0.681,1.041
INFO:root:12,0.699,0.973,0.68,1.028
INFO:root:13,0.707,0.944,0.689,1.009
INFO:root:14,0.71,0.931,0.695,0.997
INFO:root:15,0.717,0.91,0.693,0.988
INFO:root:16,0.721,0.895,0.699,0.979
INFO:root:17,0.723,0.885,0.696,0.983
INFO:root:18,0.728,0.87,0.699,0.971
INFO:root:19,0.728,0.866,0.701,0.967
INFO:root:20,0.736,0.843,0.704,0.956
INFO:root:21,0.737,0.834,0.707,0.949
INFO:root:22,0.741,0.824,0.705,0.952
INFO:root:23,0.745,0.814,0.708,0.945
INFO:root:24,0.746,0.807,0.706,0.948
INFO:root:25,0.749,0.797,0.708,0.94
INFO:root:26,0.753,0.784,0.708,0.936
INFO:root:27,0.756,0.776,0.71,0.937
INFO:root:28,0.754,0.778,0.705,0.946
INFO:root:29,0.759,0.763,0.711,0.939
INFO:root:30,0.763,0.753,0.71,0.935
INFO:root:31,0.762,0.753,0.707,0.941
INFO:root:32,0.766,0.74,0.71,0.941
INFO:root:33,0.766,0.741,0.709,0.947
INFO:root:34,0.77,0.727,0.712,0.933
INFO:root:35,0.774,0.717,0.712,0.939
INFO:root:36,0.773,0.717,0.71,0.943
