INFO:root:Epoch,Training Accuracy,Training Loss,Validation Accuracy,Validation Loss
INFO:root:1,0.414,2.004,0.408,2.018
INFO:root:2,0.46,1.817,0.461,1.818
INFO:root:3,0.476,1.73,0.473,1.738
INFO:root:4,0.5,1.652,0.502,1.655
INFO:root:5,0.507,1.621,0.503,1.634
INFO:root:6,0.529,1.556,0.528,1.558
INFO:root:7,0.533,1.528,0.53,1.544
INFO:root:8,0.545,1.492,0.537,1.511
INFO:root:9,0.549,1.471,0.546,1.491
INFO:root:10,0.565,1.42,0.561,1.443
INFO:root:11,0.553,1.453,0.553,1.463
INFO:root:12,0.567,1.405,0.562,1.428
INFO:root:13,0.563,1.412,0.563,1.422
INFO:root:14,0.581,1.359,0.576,1.381
INFO:root:15,0.584,1.351,0.577,1.376
INFO:root:16,0.578,1.362,0.572,1.394
INFO:root:17,0.589,1.328,0.585,1.352
INFO:root:18,0.589,1.328,0.582,1.368
INFO:root:19,0.583,1.345,0.577,1.38
INFO:root:20,0.593,1.309,0.584,1.347
INFO:root:21,0.593,1.313,0.586,1.347
INFO:root:22,0.601,1.284,0.592,1.329
INFO:root:23,0.603,1.273,0.591,1.325
INFO:root:24,0.611,1.253,0.6,1.297
INFO:root:25,0.605,1.274,0.593,1.315
INFO:root:26,0.611,1.254,0.6,1.305
INFO:root:27,0.612,1.248,0.601,1.303
INFO:root:28,0.606,1.26,0.596,1.304
INFO:root:29,0.621,1.216,0.608,1.269
INFO:root:30,0.623,1.211,0.607,1.272
