INFO:root:Epoch,Training Accuracy,Training Loss,Validation Accuracy,Validation Loss
INFO:root:1,0.347,2.332,0.355,2.322
INFO:root:2,0.391,2.123,0.395,2.117
INFO:root:3,0.417,2.037,0.421,2.034
INFO:root:4,0.43,1.985,0.433,1.978
INFO:root:5,0.433,1.939,0.436,1.942
INFO:root:6,0.449,1.887,0.452,1.89
INFO:root:7,0.458,1.845,0.46,1.847
INFO:root:8,0.468,1.812,0.472,1.814
INFO:root:9,0.478,1.771,0.476,1.778
INFO:root:10,0.486,1.735,0.487,1.74
INFO:root:11,0.493,1.707,0.497,1.708
INFO:root:12,0.503,1.674,0.501,1.678
INFO:root:13,0.507,1.656,0.507,1.657
INFO:root:14,0.509,1.64,0.508,1.648
INFO:root:15,0.515,1.619,0.511,1.637
INFO:root:16,0.523,1.589,0.518,1.601
INFO:root:17,0.521,1.586,0.517,1.603
INFO:root:18,0.527,1.566,0.526,1.577
INFO:root:19,0.536,1.538,0.533,1.549
INFO:root:20,0.539,1.527,0.534,1.545
INFO:root:21,0.545,1.502,0.542,1.525
INFO:root:22,0.542,1.51,0.534,1.533
INFO:root:23,0.551,1.476,0.548,1.499
INFO:root:24,0.55,1.479,0.545,1.499
INFO:root:25,0.555,1.464,0.55,1.493
INFO:root:26,0.561,1.444,0.55,1.485
INFO:root:27,0.557,1.458,0.546,1.494
INFO:root:28,0.565,1.422,0.553,1.467
INFO:root:29,0.568,1.411,0.557,1.451
INFO:root:30,0.567,1.416,0.554,1.457
INFO:root:31,0.573,1.395,0.563,1.442
INFO:root:32,0.573,1.399,0.561,1.446
INFO:root:33,0.579,1.375,0.564,1.423
INFO:root:34,0.578,1.377,0.568,1.416
INFO:root:35,0.581,1.366,0.566,1.415
INFO:root:36,0.58,1.368,0.565,1.425
INFO:root:37,0.583,1.359,0.569,1.413
INFO:root:38,0.584,1.354,0.569,1.412
INFO:root:39,0.584,1.352,0.567,1.41
INFO:root:40,0.59,1.333,0.57,1.399
INFO:root:41,0.593,1.322,0.575,1.386
INFO:root:42,0.593,1.325,0.574,1.39
INFO:root:43,0.59,1.328,0.575,1.388
INFO:root:44,0.595,1.314,0.576,1.376
INFO:root:45,0.594,1.317,0.571,1.385
INFO:root:46,0.593,1.315,0.575,1.383
INFO:root:47,0.593,1.311,0.578,1.376
INFO:root:48,0.602,1.29,0.577,1.368
INFO:root:49,0.6,1.292,0.581,1.363
INFO:root:50,0.6,1.296,0.577,1.376
INFO:root:51,0.602,1.289,0.58,1.36
INFO:root:52,0.607,1.271,0.584,1.348
INFO:root:53,0.608,1.267,0.586,1.344
INFO:root:54,0.608,1.268,0.58,1.351
INFO:root:55,0.607,1.268,0.586,1.343
INFO:root:56,0.604,1.279,0.581,1.364
INFO:root:57,0.613,1.251,0.589,1.335
INFO:root:58,0.608,1.262,0.585,1.349
INFO:root:59,0.611,1.251,0.586,1.341
INFO:root:60,0.61,1.256,0.582,1.341
INFO:root:61,0.612,1.246,0.591,1.327
INFO:root:62,0.612,1.244,0.586,1.335
INFO:root:63,0.616,1.233,0.591,1.328
INFO:root:64,0.618,1.231,0.593,1.325
INFO:root:65,0.615,1.235,0.589,1.328
INFO:root:66,0.617,1.232,0.588,1.33
INFO:root:67,0.618,1.226,0.586,1.329
INFO:root:68,0.615,1.241,0.586,1.34
INFO:root:69,0.621,1.216,0.59,1.313
INFO:root:70,0.619,1.221,0.591,1.324
INFO:root:71,0.623,1.207,0.594,1.309
INFO:root:72,0.619,1.221,0.591,1.328
INFO:root:73,0.623,1.206,0.595,1.308
INFO:root:74,0.619,1.218,0.587,1.335
INFO:root:75,0.616,1.227,0.582,1.341
INFO:root:76,0.627,1.195,0.592,1.313
INFO:root:77,0.627,1.193,0.598,1.306
INFO:root:78,0.625,1.199,0.595,1.316
INFO:root:79,0.629,1.189,0.595,1.306
INFO:root:80,0.623,1.211,0.59,1.321
INFO:root:81,0.623,1.208,0.593,1.321
INFO:root:82,0.632,1.176,0.597,1.293
INFO:root:83,0.629,1.185,0.597,1.302
INFO:root:84,0.632,1.177,0.601,1.294
INFO:root:85,0.628,1.188,0.596,1.312
INFO:root:86,0.629,1.183,0.593,1.317
INFO:root:87,0.634,1.167,0.601,1.293
INFO:root:88,0.624,1.202,0.59,1.324
INFO:root:89,0.637,1.16,0.6,1.289
INFO:root:90,0.632,1.171,0.596,1.297
INFO:root:91,0.633,1.169,0.595,1.301
INFO:root:92,0.635,1.164,0.597,1.293
INFO:root:93,0.639,1.151,0.603,1.287
INFO:root:94,0.639,1.154,0.6,1.286
INFO:root:95,0.615,1.204,0.578,1.341
INFO:root:96,0.64,1.147,0.602,1.282
INFO:root:97,0.64,1.146,0.604,1.278
INFO:root:98,0.641,1.144,0.603,1.28
INFO:root:99,0.641,1.142,0.605,1.28
INFO:root:100,0.637,1.153,0.602,1.287
INFO:root:101,0.642,1.14,0.603,1.278
INFO:root:102,0.644,1.135,0.601,1.284
INFO:root:103,0.643,1.135,0.608,1.274
INFO:root:104,0.646,1.131,0.602,1.277
INFO:root:105,0.646,1.127,0.602,1.28
INFO:root:106,0.644,1.131,0.607,1.273
INFO:root:107,0.64,1.149,0.596,1.304
INFO:root:108,0.641,1.142,0.599,1.294
INFO:root:109,0.646,1.124,0.599,1.286
INFO:root:110,0.645,1.13,0.6,1.291
INFO:root:111,0.647,1.123,0.604,1.285
INFO:root:112,0.644,1.131,0.599,1.294
INFO:root:113,0.647,1.125,0.603,1.284
INFO:root:114,0.639,1.15,0.602,1.296
INFO:root:115,0.648,1.119,0.597,1.289
INFO:root:116,0.652,1.109,0.608,1.267
INFO:root:117,0.649,1.116,0.603,1.284
INFO:root:118,0.65,1.115,0.607,1.275
INFO:root:119,0.647,1.118,0.603,1.281
INFO:root:120,0.647,1.119,0.603,1.286
