INFO:root:Epoch,Training Accuracy,Training Loss,Validation Accuracy,Validation Loss
INFO:root:1,0.346,2.327,0.354,2.314
INFO:root:2,0.402,2.103,0.41,2.087
INFO:root:3,0.416,2.033,0.418,2.029
INFO:root:4,0.426,1.983,0.431,1.976
INFO:root:5,0.437,1.931,0.445,1.921
INFO:root:6,0.445,1.897,0.447,1.902
INFO:root:7,0.457,1.849,0.461,1.849
INFO:root:8,0.462,1.818,0.459,1.823
INFO:root:9,0.471,1.787,0.47,1.797
INFO:root:10,0.485,1.74,0.484,1.746
INFO:root:11,0.489,1.713,0.488,1.719
INFO:root:12,0.496,1.694,0.494,1.71
INFO:root:13,0.501,1.664,0.499,1.675
INFO:root:14,0.508,1.649,0.507,1.662
INFO:root:15,0.514,1.623,0.511,1.636
INFO:root:16,0.519,1.606,0.514,1.628
INFO:root:17,0.524,1.585,0.519,1.6
INFO:root:18,0.53,1.558,0.525,1.572
INFO:root:19,0.533,1.547,0.529,1.567
INFO:root:20,0.537,1.531,0.531,1.56
INFO:root:21,0.542,1.515,0.536,1.537
INFO:root:22,0.545,1.502,0.535,1.528
INFO:root:23,0.547,1.49,0.54,1.517
INFO:root:24,0.549,1.484,0.541,1.511
INFO:root:25,0.556,1.461,0.547,1.492
INFO:root:26,0.554,1.46,0.546,1.494
INFO:root:27,0.563,1.434,0.552,1.472
INFO:root:28,0.566,1.423,0.556,1.461
INFO:root:29,0.568,1.416,0.554,1.458
INFO:root:30,0.57,1.407,0.56,1.448
INFO:root:31,0.57,1.408,0.555,1.455
INFO:root:32,0.573,1.4,0.561,1.438
INFO:root:33,0.577,1.384,0.562,1.429
INFO:root:34,0.578,1.378,0.562,1.43
INFO:root:35,0.58,1.371,0.564,1.421
INFO:root:36,0.583,1.358,0.567,1.408
INFO:root:37,0.585,1.354,0.57,1.406
INFO:root:38,0.586,1.346,0.57,1.398
INFO:root:39,0.587,1.342,0.572,1.398
INFO:root:40,0.587,1.342,0.569,1.397
INFO:root:41,0.586,1.343,0.569,1.4
INFO:root:42,0.591,1.327,0.572,1.389
INFO:root:43,0.593,1.322,0.571,1.388
INFO:root:44,0.593,1.322,0.574,1.385
INFO:root:45,0.591,1.327,0.573,1.388
INFO:root:46,0.597,1.306,0.574,1.372
INFO:root:47,0.595,1.314,0.573,1.389
INFO:root:48,0.602,1.291,0.579,1.363
INFO:root:49,0.599,1.299,0.578,1.362
INFO:root:50,0.598,1.296,0.577,1.376
INFO:root:51,0.601,1.29,0.579,1.371
INFO:root:52,0.601,1.29,0.577,1.371
INFO:root:53,0.587,1.326,0.563,1.395
INFO:root:54,0.605,1.276,0.586,1.345
INFO:root:55,0.609,1.266,0.585,1.337
INFO:root:56,0.608,1.263,0.582,1.339
INFO:root:57,0.611,1.254,0.586,1.336
INFO:root:58,0.612,1.252,0.585,1.333
INFO:root:59,0.609,1.261,0.586,1.344
INFO:root:60,0.61,1.255,0.585,1.337
INFO:root:61,0.613,1.245,0.588,1.327
INFO:root:62,0.611,1.256,0.586,1.335
INFO:root:63,0.619,1.229,0.59,1.325
INFO:root:64,0.617,1.233,0.588,1.324
INFO:root:65,0.613,1.25,0.59,1.335
INFO:root:66,0.618,1.231,0.589,1.333
INFO:root:67,0.619,1.225,0.592,1.32
INFO:root:68,0.617,1.232,0.593,1.324
INFO:root:69,0.619,1.226,0.593,1.314
INFO:root:70,0.62,1.222,0.591,1.315
INFO:root:71,0.62,1.22,0.589,1.322
INFO:root:72,0.615,1.238,0.586,1.347
INFO:root:73,0.621,1.216,0.591,1.312
INFO:root:74,0.625,1.202,0.593,1.308
INFO:root:75,0.624,1.208,0.593,1.316
INFO:root:76,0.623,1.207,0.595,1.305
INFO:root:77,0.626,1.2,0.596,1.302
INFO:root:78,0.63,1.185,0.598,1.289
INFO:root:79,0.624,1.204,0.597,1.311
INFO:root:80,0.625,1.2,0.594,1.303
INFO:root:81,0.63,1.185,0.596,1.298
INFO:root:82,0.628,1.191,0.592,1.302
INFO:root:83,0.63,1.181,0.594,1.305
INFO:root:84,0.633,1.176,0.601,1.289
INFO:root:85,0.63,1.184,0.594,1.301
INFO:root:86,0.631,1.184,0.597,1.299
INFO:root:87,0.634,1.171,0.598,1.292
INFO:root:88,0.636,1.164,0.601,1.289
INFO:root:89,0.631,1.18,0.595,1.304
INFO:root:90,0.635,1.166,0.593,1.298
INFO:root:91,0.631,1.184,0.596,1.307
INFO:root:92,0.639,1.155,0.597,1.282
INFO:root:93,0.639,1.154,0.601,1.282
INFO:root:94,0.633,1.171,0.598,1.297
INFO:root:95,0.632,1.171,0.598,1.291
INFO:root:96,0.61,1.247,0.569,1.384
INFO:root:97,0.641,1.15,0.599,1.279
INFO:root:98,0.637,1.157,0.597,1.284
INFO:root:99,0.635,1.161,0.594,1.287
INFO:root:100,0.641,1.148,0.604,1.28
INFO:root:101,0.64,1.148,0.601,1.276
INFO:root:102,0.643,1.14,0.598,1.283
INFO:root:103,0.643,1.141,0.599,1.281
INFO:root:104,0.645,1.131,0.605,1.267
INFO:root:105,0.644,1.136,0.599,1.281
INFO:root:106,0.645,1.132,0.601,1.281
INFO:root:107,0.648,1.123,0.6,1.273
INFO:root:108,0.646,1.131,0.599,1.275
INFO:root:109,0.648,1.123,0.606,1.275
INFO:root:110,0.644,1.138,0.602,1.288
INFO:root:111,0.642,1.139,0.598,1.296
INFO:root:112,0.649,1.12,0.603,1.271
INFO:root:113,0.648,1.122,0.601,1.274
INFO:root:114,0.646,1.129,0.599,1.275
INFO:root:115,0.648,1.122,0.605,1.269
INFO:root:116,0.643,1.136,0.597,1.294
INFO:root:117,0.649,1.115,0.602,1.275
INFO:root:118,0.648,1.123,0.601,1.284
INFO:root:119,0.644,1.131,0.6,1.297
INFO:root:120,0.651,1.114,0.602,1.277
