INFO:root:Epoch,Training Accuracy,Training Loss,Validation Accuracy,Validation Loss
INFO:root:1,0.336,2.363,0.341,2.351
INFO:root:2,0.377,2.142,0.385,2.126
INFO:root:3,0.396,2.054,0.4,2.047
INFO:root:4,0.41,2.009,0.414,1.998
INFO:root:5,0.424,1.951,0.423,1.95
INFO:root:6,0.438,1.895,0.442,1.884
INFO:root:7,0.44,1.887,0.442,1.881
INFO:root:8,0.452,1.831,0.451,1.829
INFO:root:9,0.463,1.795,0.467,1.784
INFO:root:10,0.468,1.768,0.473,1.762
INFO:root:11,0.469,1.771,0.473,1.756
INFO:root:12,0.478,1.737,0.483,1.726
INFO:root:13,0.489,1.695,0.492,1.691
INFO:root:14,0.496,1.674,0.499,1.67
INFO:root:15,0.498,1.663,0.498,1.664
INFO:root:16,0.497,1.665,0.499,1.658
INFO:root:17,0.497,1.661,0.499,1.655
INFO:root:18,0.512,1.614,0.513,1.608
INFO:root:19,0.517,1.593,0.517,1.591
INFO:root:20,0.516,1.59,0.517,1.584
INFO:root:21,0.521,1.572,0.52,1.577
INFO:root:22,0.515,1.602,0.515,1.605
INFO:root:23,0.521,1.568,0.526,1.564
INFO:root:24,0.527,1.551,0.525,1.56
INFO:root:25,0.531,1.535,0.533,1.537
INFO:root:26,0.527,1.556,0.529,1.562
INFO:root:27,0.538,1.511,0.536,1.515
INFO:root:28,0.531,1.528,0.532,1.533
INFO:root:29,0.545,1.488,0.544,1.492
INFO:root:30,0.544,1.493,0.544,1.492
INFO:root:31,0.548,1.479,0.549,1.487
INFO:root:32,0.544,1.479,0.544,1.481
INFO:root:33,0.548,1.466,0.546,1.474
INFO:root:34,0.547,1.476,0.546,1.48
INFO:root:35,0.555,1.448,0.554,1.456
INFO:root:36,0.557,1.438,0.56,1.445
INFO:root:37,0.559,1.435,0.558,1.444
INFO:root:38,0.561,1.424,0.557,1.437
INFO:root:39,0.557,1.435,0.553,1.449
INFO:root:40,0.562,1.421,0.558,1.435
INFO:root:41,0.56,1.425,0.56,1.444
INFO:root:42,0.563,1.417,0.56,1.435
INFO:root:43,0.57,1.396,0.567,1.407
INFO:root:44,0.564,1.414,0.557,1.438
INFO:root:45,0.568,1.395,0.567,1.41
INFO:root:46,0.569,1.394,0.566,1.407
INFO:root:47,0.566,1.399,0.564,1.409
INFO:root:48,0.555,1.452,0.554,1.464
INFO:root:49,0.542,1.436,0.533,1.464
INFO:root:50,0.571,1.389,0.568,1.409
INFO:root:51,0.574,1.377,0.568,1.403
INFO:root:52,0.576,1.371,0.573,1.387
INFO:root:53,0.567,1.399,0.562,1.416
INFO:root:54,0.577,1.355,0.575,1.375
INFO:root:55,0.573,1.372,0.567,1.4
INFO:root:56,0.579,1.357,0.572,1.385
INFO:root:57,0.586,1.335,0.579,1.358
INFO:root:58,0.579,1.355,0.572,1.381
INFO:root:59,0.584,1.334,0.58,1.357
INFO:root:60,0.583,1.345,0.577,1.372
INFO:root:61,0.585,1.332,0.579,1.36
INFO:root:62,0.533,1.529,0.535,1.537
INFO:root:63,0.545,1.492,0.539,1.518
INFO:root:64,0.555,1.445,0.555,1.457
INFO:root:65,0.566,1.419,0.566,1.432
INFO:root:66,0.555,1.454,0.549,1.469
INFO:root:67,0.57,1.396,0.567,1.412
INFO:root:68,0.56,1.437,0.558,1.449
INFO:root:69,0.559,1.437,0.55,1.46
INFO:root:70,0.568,1.4,0.562,1.422
INFO:root:71,0.572,1.387,0.568,1.406
INFO:root:72,0.573,1.383,0.568,1.402
INFO:root:73,0.576,1.371,0.57,1.391
INFO:root:74,0.567,1.395,0.564,1.407
INFO:root:75,0.559,1.441,0.55,1.457
INFO:root:76,0.571,1.396,0.568,1.415
INFO:root:77,0.565,1.406,0.56,1.432
INFO:root:78,0.568,1.394,0.562,1.419
INFO:root:79,0.563,1.425,0.561,1.442
INFO:root:80,0.571,1.392,0.565,1.418
INFO:root:81,0.573,1.38,0.571,1.396
INFO:root:82,0.575,1.374,0.571,1.394
INFO:root:83,0.574,1.385,0.572,1.399
INFO:root:84,0.577,1.365,0.575,1.382
INFO:root:85,0.573,1.386,0.564,1.418
INFO:root:86,0.577,1.374,0.57,1.4
INFO:root:87,0.581,1.356,0.576,1.376
INFO:root:88,0.586,1.336,0.581,1.364
INFO:root:89,0.586,1.334,0.584,1.357
INFO:root:90,0.588,1.335,0.584,1.36
INFO:root:91,0.587,1.338,0.584,1.352
INFO:root:92,0.581,1.344,0.576,1.363
INFO:root:93,0.587,1.335,0.585,1.355
INFO:root:94,0.549,1.473,0.551,1.482
INFO:root:95,0.577,1.37,0.578,1.381
INFO:root:96,0.585,1.345,0.583,1.365
INFO:root:97,0.53,1.54,0.525,1.565
INFO:root:98,0.56,1.424,0.553,1.444
INFO:root:99,0.572,1.388,0.565,1.411
INFO:root:100,0.575,1.38,0.572,1.406
INFO:root:101,0.578,1.375,0.571,1.393
INFO:root:102,0.566,1.41,0.556,1.429
INFO:root:103,0.542,1.478,0.538,1.5
INFO:root:104,0.571,1.39,0.567,1.42
INFO:root:105,0.577,1.374,0.571,1.403
INFO:root:106,0.577,1.368,0.569,1.395
INFO:root:107,0.579,1.365,0.575,1.382
INFO:root:108,0.577,1.372,0.571,1.408
INFO:root:109,0.571,1.389,0.566,1.416
INFO:root:110,0.582,1.35,0.575,1.377
INFO:root:111,0.584,1.342,0.58,1.364
INFO:root:112,0.581,1.352,0.573,1.379
INFO:root:113,0.576,1.368,0.568,1.397
INFO:root:114,0.575,1.374,0.573,1.392
INFO:root:115,0.592,1.314,0.586,1.343
INFO:root:116,0.574,1.372,0.561,1.4
INFO:root:117,0.58,1.357,0.574,1.387
INFO:root:118,0.589,1.324,0.582,1.351
INFO:root:119,0.582,1.356,0.579,1.383
INFO:root:120,0.585,1.34,0.58,1.37
INFO:root:121,0.569,1.395,0.561,1.424
INFO:root:122,0.579,1.364,0.573,1.391
INFO:root:123,0.574,1.375,0.566,1.408
INFO:root:124,0.588,1.335,0.584,1.363
INFO:root:125,0.586,1.332,0.581,1.358
INFO:root:126,0.584,1.347,0.579,1.377
INFO:root:127,0.59,1.32,0.581,1.347
INFO:root:128,0.589,1.327,0.582,1.355
INFO:root:129,0.589,1.327,0.585,1.355
INFO:root:130,0.583,1.345,0.582,1.373
INFO:root:131,0.59,1.319,0.582,1.357
INFO:root:132,0.587,1.344,0.579,1.375
INFO:root:133,0.591,1.315,0.58,1.352
INFO:root:134,0.582,1.351,0.572,1.391
INFO:root:135,0.595,1.301,0.584,1.338
INFO:root:136,0.592,1.314,0.583,1.343
INFO:root:137,0.596,1.299,0.588,1.332
INFO:root:138,0.597,1.299,0.592,1.331
INFO:root:139,0.593,1.311,0.584,1.341
INFO:root:140,0.585,1.331,0.571,1.377
INFO:root:141,0.587,1.328,0.577,1.366
INFO:root:142,0.582,1.353,0.573,1.379
INFO:root:143,0.586,1.327,0.576,1.371
INFO:root:144,0.597,1.301,0.589,1.338
INFO:root:145,0.592,1.316,0.583,1.355
INFO:root:146,0.595,1.301,0.586,1.346
INFO:root:147,0.59,1.321,0.583,1.349
INFO:root:148,0.588,1.327,0.587,1.348
INFO:root:149,0.516,1.617,0.517,1.621
INFO:root:150,0.561,1.43,0.554,1.461
INFO:root:151,0.574,1.386,0.568,1.41
INFO:root:152,0.571,1.389,0.564,1.427
INFO:root:153,0.572,1.399,0.57,1.421
INFO:root:154,0.579,1.362,0.577,1.386
INFO:root:155,0.582,1.358,0.57,1.387
INFO:root:156,0.583,1.347,0.577,1.374
INFO:root:157,0.583,1.355,0.58,1.376
INFO:root:158,0.59,1.327,0.583,1.354
INFO:root:159,0.589,1.327,0.583,1.351
INFO:root:160,0.591,1.322,0.581,1.357
INFO:root:161,0.585,1.34,0.58,1.364
INFO:root:162,0.584,1.348,0.573,1.384
INFO:root:163,0.593,1.317,0.587,1.338
INFO:root:164,0.586,1.342,0.583,1.369
INFO:root:165,0.586,1.348,0.582,1.368
INFO:root:166,0.591,1.323,0.588,1.347
INFO:root:167,0.582,1.346,0.577,1.382
INFO:root:168,0.591,1.323,0.587,1.355
INFO:root:169,0.596,1.304,0.588,1.336
INFO:root:170,0.585,1.337,0.581,1.363
INFO:root:171,0.593,1.308,0.584,1.343
INFO:root:172,0.592,1.316,0.586,1.355
INFO:root:173,0.592,1.317,0.584,1.347
INFO:root:174,0.581,1.355,0.577,1.388
INFO:root:175,0.591,1.314,0.587,1.332
INFO:root:176,0.562,1.421,0.558,1.445
INFO:root:177,0.594,1.311,0.587,1.336
INFO:root:178,0.591,1.313,0.582,1.348
INFO:root:179,0.591,1.322,0.584,1.36
INFO:root:180,0.589,1.322,0.58,1.363
INFO:root:181,0.566,1.403,0.565,1.417
INFO:root:182,0.578,1.362,0.57,1.397
INFO:root:183,0.569,1.404,0.568,1.432
INFO:root:184,0.595,1.307,0.586,1.346
INFO:root:185,0.569,1.392,0.566,1.417
INFO:root:186,0.586,1.337,0.579,1.37
INFO:root:187,0.591,1.32,0.583,1.348
INFO:root:188,0.591,1.319,0.582,1.358
INFO:root:189,0.595,1.308,0.587,1.339
INFO:root:190,0.593,1.313,0.589,1.345
INFO:root:191,0.594,1.311,0.587,1.337
INFO:root:192,0.591,1.321,0.578,1.359
INFO:root:193,0.59,1.316,0.584,1.348
INFO:root:194,0.594,1.307,0.589,1.336
INFO:root:195,0.582,1.357,0.575,1.398
INFO:root:196,0.597,1.302,0.587,1.343
INFO:root:197,0.566,1.414,0.561,1.443
INFO:root:198,0.599,1.294,0.591,1.336
INFO:root:199,0.583,1.342,0.576,1.372
INFO:root:200,0.583,1.351,0.575,1.382
INFO:root:201,0.594,1.307,0.581,1.346
INFO:root:202,0.595,1.308,0.592,1.333
INFO:root:203,0.594,1.312,0.589,1.342
INFO:root:204,0.59,1.319,0.578,1.356
INFO:root:205,0.55,1.468,0.547,1.483
INFO:root:206,0.569,1.403,0.564,1.426
INFO:root:207,0.579,1.369,0.571,1.4
INFO:root:208,0.582,1.355,0.576,1.378
INFO:root:209,0.578,1.367,0.574,1.39
INFO:root:210,0.568,1.39,0.563,1.415
INFO:root:211,0.572,1.384,0.565,1.422
INFO:root:212,0.581,1.367,0.573,1.399
INFO:root:213,0.582,1.353,0.575,1.386
INFO:root:214,0.582,1.346,0.577,1.376
INFO:root:215,0.578,1.367,0.567,1.408
INFO:root:216,0.575,1.376,0.567,1.411
INFO:root:217,0.585,1.34,0.578,1.379
INFO:root:218,0.553,1.469,0.548,1.492
INFO:root:219,0.558,1.457,0.554,1.477
