INFO:root:Epoch,Training Accuracy,Training Loss,Validation Accuracy,Validation Loss
INFO:root:1,0.423,1.947,0.415,1.975
INFO:root:2,0.471,1.76,0.471,1.768
INFO:root:3,0.478,1.737,0.476,1.735
INFO:root:4,0.503,1.652,0.508,1.645
INFO:root:5,0.52,1.573,0.521,1.572
INFO:root:6,0.528,1.546,0.526,1.555
INFO:root:7,0.541,1.501,0.546,1.499
INFO:root:8,0.549,1.475,0.547,1.487
INFO:root:9,0.56,1.43,0.554,1.461
INFO:root:10,0.554,1.466,0.546,1.497
INFO:root:11,0.559,1.426,0.554,1.449
INFO:root:12,0.569,1.404,0.563,1.427
INFO:root:13,0.567,1.407,0.557,1.44
INFO:root:14,0.564,1.412,0.557,1.443
INFO:root:15,0.535,1.478,0.525,1.503
INFO:root:16,0.567,1.406,0.554,1.447
INFO:root:17,0.566,1.424,0.556,1.459
INFO:root:18,0.57,1.403,0.569,1.418
INFO:root:19,0.571,1.393,0.565,1.418
INFO:root:20,0.573,1.382,0.564,1.419
INFO:root:21,0.534,1.525,0.53,1.545
INFO:root:22,0.537,1.502,0.533,1.528
INFO:root:23,0.549,1.465,0.543,1.488
INFO:root:24,0.552,1.461,0.541,1.497
INFO:root:25,0.482,1.67,0.474,1.695
INFO:root:26,0.523,1.584,0.522,1.598
INFO:root:27,0.502,1.586,0.495,1.599
