Epoch,Training Accuracy,Training Loss,Validation Accuracy,Validation Loss
1,0.298,2.678,0.301,2.673
2,0.322,2.554,0.319,2.565
3,0.336,2.485,0.335,2.493
4,0.343,2.446,0.343,2.456
5,0.348,2.422,0.345,2.435
6,0.354,2.392,0.351,2.41
7,0.357,2.382,0.353,2.401
8,0.363,2.361,0.357,2.385
9,0.366,2.346,0.362,2.366
10,0.364,2.342,0.36,2.365
11,0.369,2.327,0.362,2.355
12,0.371,2.319,0.366,2.345
13,0.375,2.306,0.369,2.334
14,0.378,2.295,0.372,2.324
15,0.378,2.286,0.372,2.319
16,0.379,2.279,0.374,2.313
17,0.382,2.273,0.373,2.307
18,0.384,2.263,0.376,2.299
19,0.386,2.256,0.378,2.291
20,0.387,2.249,0.378,2.287
21,0.386,2.25,0.378,2.286
22,0.391,2.234,0.383,2.275
23,0.389,2.234,0.38,2.272
24,0.392,2.226,0.382,2.269
25,0.391,2.225,0.382,2.269
26,0.392,2.218,0.385,2.257
27,0.395,2.21,0.386,2.255
28,0.393,2.211,0.383,2.255
29,0.396,2.206,0.384,2.256
30,0.396,2.209,0.385,2.26
31,0.397,2.196,0.386,2.242
32,0.399,2.194,0.388,2.244
33,0.4,2.186,0.388,2.239
34,0.401,2.185,0.387,2.24
35,0.402,2.176,0.389,2.231
36,0.405,2.173,0.394,2.225
37,0.402,2.175,0.389,2.229
38,0.405,2.167,0.392,2.222
39,0.405,2.165,0.392,2.222
40,0.408,2.158,0.394,2.214
41,0.406,2.157,0.393,2.214
42,0.406,2.161,0.394,2.217
43,0.408,2.151,0.395,2.212
44,0.407,2.154,0.392,2.214
45,0.408,2.148,0.393,2.212
46,0.409,2.143,0.394,2.209
