Epoch,Training Accuracy,Training Loss,Validation Accuracy,Validation Loss
1,0.406,2.15,0.406,2.151
2,0.462,1.887,0.458,1.899
3,0.498,1.738,0.491,1.763
4,0.518,1.656,0.509,1.688
5,0.534,1.59,0.525,1.629
6,0.547,1.537,0.537,1.576
7,0.56,1.493,0.546,1.546
8,0.567,1.464,0.551,1.524
9,0.568,1.457,0.553,1.52
10,0.582,1.408,0.56,1.488
11,0.586,1.389,0.563,1.474
12,0.592,1.368,0.57,1.451
13,0.596,1.353,0.567,1.456
14,0.603,1.329,0.573,1.433
15,0.608,1.314,0.578,1.423
16,0.61,1.302,0.577,1.422
17,0.611,1.294,0.576,1.423
18,0.614,1.285,0.579,1.419
19,0.619,1.266,0.581,1.41
20,0.625,1.249,0.584,1.398
21,0.62,1.259,0.578,1.414
