INFO:root:Epoch,Training Accuracy,Training Loss,Validation Accuracy,Validation Loss
INFO:root:1,0.447,1.963,0.449,1.953
INFO:root:2,0.522,1.63,0.518,1.637
INFO:root:3,0.577,1.433,0.567,1.457
INFO:root:4,0.605,1.319,0.594,1.353
INFO:root:5,0.631,1.228,0.613,1.28
INFO:root:6,0.611,1.335,0.597,1.385
INFO:root:7,0.656,1.131,0.637,1.195
INFO:root:8,0.669,1.083,0.645,1.158
INFO:root:9,0.674,1.056,0.647,1.145
INFO:root:10,0.688,1.013,0.653,1.121
INFO:root:11,0.694,0.988,0.662,1.091
INFO:root:12,0.702,0.959,0.664,1.082
INFO:root:13,0.708,0.94,0.662,1.081
INFO:root:14,0.713,0.921,0.666,1.07
INFO:root:15,0.717,0.909,0.667,1.064
INFO:root:16,0.709,0.938,0.662,1.097
INFO:root:17,0.727,0.875,0.675,1.045
INFO:root:18,0.729,0.865,0.673,1.047
INFO:root:19,0.734,0.851,0.675,1.037
INFO:root:20,0.737,0.839,0.68,1.031
