Epoch,Training Accuracy,Training Loss,Validation Accuracy,Validation Loss
1,0.301,2.653,0.3,2.648
2,0.338,2.467,0.336,2.473
3,0.351,2.382,0.35,2.391
4,0.367,2.327,0.365,2.34
5,0.372,2.29,0.37,2.302
6,0.377,2.267,0.375,2.281
7,0.385,2.239,0.382,2.262
8,0.387,2.217,0.384,2.236
9,0.393,2.199,0.389,2.224
10,0.397,2.181,0.395,2.204
11,0.401,2.169,0.397,2.197
12,0.403,2.157,0.396,2.187
13,0.407,2.14,0.4,2.173
14,0.407,2.139,0.401,2.173
15,0.409,2.131,0.403,2.164
16,0.412,2.113,0.407,2.147
17,0.415,2.105,0.406,2.148
18,0.417,2.101,0.406,2.143
19,0.417,2.091,0.408,2.138
20,0.42,2.084,0.411,2.126
21,0.422,2.075,0.413,2.119
22,0.422,2.075,0.412,2.118
23,0.426,2.061,0.414,2.11
24,0.425,2.059,0.414,2.105
25,0.425,2.056,0.412,2.109
26,0.428,2.049,0.415,2.103
27,0.429,2.046,0.416,2.099
28,0.428,2.043,0.416,2.096
29,0.433,2.029,0.422,2.079
30,0.43,2.038,0.419,2.089
31,0.435,2.021,0.42,2.077
32,0.433,2.027,0.419,2.085
33,0.435,2.016,0.42,2.08
34,0.436,2.013,0.421,2.077
35,0.435,2.01,0.417,2.075
36,0.438,2.006,0.423,2.068
37,0.437,2.004,0.422,2.067
38,0.439,2.0,0.424,2.063
39,0.439,2.002,0.423,2.068
40,0.44,1.996,0.422,2.062
41,0.44,1.993,0.424,2.056
42,0.443,1.987,0.426,2.055
43,0.444,1.979,0.427,2.046
44,0.446,1.973,0.43,2.042
45,0.444,1.979,0.428,2.05
46,0.444,1.978,0.427,2.046
47,0.444,1.976,0.426,2.047
48,0.447,1.967,0.429,2.04
49,0.446,1.971,0.427,2.042
50,0.448,1.964,0.428,2.036
51,0.448,1.959,0.43,2.031
52,0.446,1.967,0.426,2.041
