Epoch,Training Accuracy,Training Loss,Validation Accuracy,Validation Loss
1,0.302,2.686,0.304,2.68
2,0.352,2.414,0.35,2.422
3,0.376,2.278,0.374,2.296
4,0.393,2.201,0.389,2.224
5,0.407,2.135,0.404,2.157
6,0.412,2.097,0.406,2.128
7,0.423,2.049,0.417,2.088
8,0.429,2.022,0.421,2.064
9,0.44,1.985,0.431,2.025
10,0.443,1.969,0.431,2.022
11,0.45,1.94,0.438,1.995
12,0.453,1.923,0.44,1.989
13,0.458,1.904,0.442,1.968
14,0.466,1.879,0.447,1.95
15,0.469,1.864,0.447,1.944
16,0.473,1.848,0.453,1.93
17,0.476,1.836,0.455,1.922
18,0.479,1.826,0.457,1.924
19,0.484,1.812,0.461,1.908
20,0.487,1.8,0.459,1.905
21,0.491,1.783,0.461,1.898
22,0.493,1.772,0.464,1.887
23,0.497,1.761,0.463,1.882
24,0.496,1.762,0.462,1.893
25,0.499,1.747,0.465,1.881
26,0.502,1.737,0.465,1.876
27,0.501,1.734,0.467,1.877
28,0.507,1.72,0.468,1.872
29,0.51,1.709,0.469,1.866
30,0.51,1.709,0.467,1.874
31,0.513,1.697,0.472,1.859
32,0.516,1.686,0.467,1.868
33,0.518,1.684,0.472,1.862
34,0.519,1.677,0.47,1.863
35,0.52,1.675,0.467,1.873
36,0.52,1.676,0.47,1.877
37,0.528,1.643,0.473,1.853
38,0.529,1.64,0.472,1.864
39,0.529,1.638,0.473,1.859
40,0.533,1.625,0.47,1.858
41,0.532,1.627,0.47,1.872
