Epoch,Training Accuracy,Training Loss,Validation Accuracy,Validation Loss
1,0.292,2.694,0.292,2.689
2,0.325,2.552,0.323,2.556
3,0.336,2.482,0.335,2.491
4,0.345,2.439,0.342,2.447
5,0.351,2.415,0.348,2.428
6,0.358,2.387,0.355,2.401
7,0.361,2.361,0.358,2.379
8,0.366,2.344,0.362,2.366
9,0.369,2.329,0.365,2.349
10,0.373,2.312,0.367,2.336
11,0.376,2.298,0.369,2.323
12,0.381,2.286,0.375,2.314
13,0.384,2.273,0.378,2.299
14,0.383,2.275,0.375,2.302
15,0.385,2.257,0.379,2.284
16,0.388,2.246,0.381,2.275
17,0.392,2.236,0.384,2.267
18,0.394,2.229,0.388,2.259
19,0.393,2.221,0.386,2.253
20,0.396,2.21,0.388,2.242
21,0.398,2.203,0.389,2.239
22,0.4,2.193,0.393,2.224
23,0.401,2.19,0.392,2.226
24,0.401,2.184,0.394,2.22
25,0.404,2.176,0.396,2.213
26,0.408,2.17,0.398,2.208
27,0.407,2.165,0.397,2.205
28,0.405,2.167,0.396,2.206
29,0.406,2.164,0.399,2.202
30,0.41,2.155,0.4,2.198
31,0.409,2.147,0.401,2.187
32,0.411,2.144,0.401,2.187
33,0.414,2.136,0.405,2.179
34,0.415,2.13,0.403,2.179
35,0.411,2.136,0.4,2.179
36,0.415,2.13,0.405,2.173
37,0.415,2.123,0.405,2.169
38,0.418,2.113,0.406,2.161
39,0.418,2.108,0.406,2.159
40,0.42,2.106,0.41,2.152
41,0.419,2.104,0.407,2.155
42,0.422,2.1,0.408,2.157
43,0.421,2.099,0.409,2.154
44,0.422,2.099,0.406,2.158
45,0.423,2.092,0.408,2.151
46,0.422,2.09,0.41,2.144
47,0.422,2.093,0.408,2.15
48,0.424,2.083,0.412,2.141
49,0.427,2.074,0.414,2.13
50,0.426,2.076,0.411,2.138
51,0.426,2.08,0.411,2.14
52,0.426,2.074,0.41,2.139
53,0.426,2.072,0.409,2.137
