Epoch,Training Accuracy,Training Loss,Validation Accuracy,Validation Loss
1,0.289,2.652,0.288,2.657
2,0.322,2.502,0.321,2.506
3,0.338,2.414,0.339,2.424
4,0.351,2.353,0.347,2.368
5,0.36,2.319,0.359,2.331
6,0.364,2.308,0.364,2.321
7,0.375,2.255,0.371,2.271
8,0.377,2.24,0.373,2.257
9,0.382,2.229,0.376,2.254
10,0.386,2.204,0.382,2.223
11,0.392,2.182,0.387,2.201
12,0.394,2.178,0.388,2.199
13,0.399,2.157,0.391,2.187
14,0.4,2.148,0.392,2.178
15,0.404,2.134,0.398,2.158
16,0.405,2.125,0.398,2.154
17,0.408,2.109,0.402,2.139
18,0.409,2.117,0.4,2.145
19,0.411,2.101,0.405,2.132
20,0.412,2.097,0.402,2.139
21,0.409,2.106,0.398,2.143
22,0.417,2.075,0.409,2.112
23,0.414,2.083,0.406,2.117
24,0.418,2.068,0.411,2.101
25,0.419,2.072,0.409,2.113
26,0.418,2.066,0.407,2.109
27,0.419,2.064,0.409,2.106
28,0.422,2.054,0.411,2.091
29,0.422,2.051,0.413,2.094
30,0.427,2.037,0.417,2.079
31,0.429,2.035,0.419,2.078
32,0.427,2.036,0.417,2.078
33,0.429,2.021,0.419,2.066
34,0.424,2.029,0.413,2.075
35,0.431,2.015,0.419,2.062
36,0.428,2.02,0.418,2.062
37,0.433,2.014,0.421,2.063
38,0.437,1.997,0.426,2.04
39,0.437,1.994,0.426,2.042
40,0.432,2.015,0.421,2.058
41,0.438,1.993,0.424,2.043
42,0.436,1.995,0.424,2.044
43,0.44,1.983,0.426,2.037
44,0.438,1.98,0.427,2.033
45,0.441,1.98,0.429,2.03
46,0.441,1.975,0.429,2.03
47,0.438,1.984,0.425,2.04
48,0.437,1.988,0.424,2.042
