Epoch,Training Accuracy,Training Loss,Validation Accuracy,Validation Loss
1,0.296,2.626,0.289,2.634
2,0.316,2.49,0.314,2.497
3,0.34,2.391,0.34,2.398
4,0.352,2.356,0.349,2.363
5,0.359,2.314,0.355,2.33
6,0.362,2.315,0.359,2.329
7,0.374,2.256,0.374,2.263
8,0.379,2.239,0.376,2.251
9,0.387,2.204,0.383,2.22
10,0.382,2.212,0.376,2.233
11,0.397,2.163,0.391,2.186
12,0.398,2.16,0.394,2.177
13,0.397,2.163,0.393,2.183
14,0.399,2.14,0.393,2.162
15,0.401,2.145,0.397,2.166
16,0.407,2.118,0.398,2.15
17,0.412,2.102,0.405,2.128
18,0.412,2.103,0.407,2.126
19,0.413,2.091,0.406,2.119
20,0.413,2.091,0.406,2.122
21,0.417,2.075,0.408,2.108
22,0.418,2.074,0.407,2.11
23,0.42,2.066,0.414,2.095
24,0.416,2.071,0.406,2.109
25,0.423,2.052,0.413,2.088
26,0.424,2.044,0.416,2.077
27,0.423,2.054,0.413,2.094
28,0.423,2.039,0.415,2.072
29,0.426,2.032,0.416,2.073
30,0.427,2.028,0.416,2.067
31,0.43,2.02,0.421,2.062
32,0.43,2.019,0.417,2.059
33,0.433,2.007,0.424,2.05
34,0.431,2.019,0.42,2.061
35,0.432,2.014,0.423,2.054
36,0.436,1.998,0.427,2.04
37,0.435,1.995,0.423,2.044
38,0.437,1.991,0.425,2.038
39,0.435,1.997,0.426,2.039
40,0.437,1.993,0.425,2.041
41,0.437,1.994,0.427,2.047
42,0.438,1.984,0.426,2.036
43,0.437,1.994,0.425,2.044
44,0.436,1.992,0.425,2.04
45,0.442,1.974,0.431,2.019
46,0.44,1.974,0.427,2.024
