Epoch,Training Accuracy,Training Loss,Validation Accuracy,Validation Loss
1,0.298,2.666,0.296,2.661
2,0.332,2.476,0.333,2.477
3,0.347,2.4,0.346,2.402
4,0.363,2.331,0.362,2.338
5,0.371,2.294,0.369,2.303
6,0.381,2.254,0.378,2.269
7,0.385,2.234,0.382,2.25
8,0.39,2.21,0.386,2.23
9,0.393,2.195,0.388,2.218
10,0.399,2.171,0.394,2.195
11,0.402,2.158,0.395,2.185
12,0.405,2.146,0.398,2.173
13,0.408,2.136,0.401,2.167
14,0.41,2.125,0.403,2.152
15,0.408,2.122,0.399,2.157
16,0.414,2.106,0.405,2.142
17,0.416,2.095,0.406,2.132
18,0.417,2.09,0.41,2.124
19,0.419,2.083,0.409,2.124
20,0.422,2.076,0.412,2.115
21,0.422,2.076,0.413,2.112
22,0.423,2.064,0.413,2.106
23,0.422,2.066,0.412,2.108
24,0.428,2.049,0.417,2.092
25,0.426,2.049,0.416,2.095
26,0.429,2.039,0.418,2.084
27,0.43,2.034,0.416,2.083
28,0.431,2.032,0.419,2.082
29,0.43,2.03,0.418,2.078
30,0.434,2.021,0.422,2.068
31,0.435,2.017,0.423,2.064
32,0.436,2.011,0.423,2.064
33,0.433,2.02,0.42,2.072
34,0.436,2.007,0.423,2.061
35,0.437,2.004,0.425,2.056
36,0.438,2.003,0.423,2.06
37,0.441,1.995,0.427,2.048
38,0.44,1.993,0.426,2.05
39,0.44,1.991,0.426,2.048
40,0.438,1.995,0.425,2.051
41,0.441,1.983,0.425,2.044
42,0.44,1.991,0.423,2.051
