INFO:root:Epoch,Training Accuracy,Training Loss,Validation Accuracy,Validation Loss
INFO:root:1,0.449,1.945,0.451,1.941
INFO:root:2,0.528,1.619,0.523,1.628
INFO:root:3,0.574,1.439,0.568,1.46
INFO:root:4,0.606,1.322,0.593,1.35
INFO:root:5,0.628,1.236,0.615,1.278
INFO:root:6,0.644,1.172,0.628,1.227
INFO:root:7,0.659,1.119,0.636,1.188
INFO:root:8,0.669,1.079,0.646,1.155
INFO:root:9,0.673,1.061,0.649,1.143
INFO:root:10,0.686,1.016,0.655,1.116
INFO:root:11,0.693,0.99,0.66,1.098
INFO:root:12,0.699,0.967,0.664,1.085
INFO:root:13,0.705,0.95,0.663,1.083
INFO:root:14,0.71,0.93,0.665,1.07
INFO:root:15,0.714,0.917,0.67,1.06
INFO:root:16,0.717,0.902,0.672,1.055
INFO:root:17,0.721,0.889,0.669,1.062
INFO:root:18,0.727,0.872,0.674,1.047
INFO:root:19,0.731,0.858,0.679,1.038
INFO:root:20,0.736,0.843,0.677,1.033
